,avg_labeled_utterance,causal_markers,adverbs_of_degree,transitions,deontic_modal_words,place_time_svo,explicit_references,hedges,boosters,situation_dependent_references,evidentials,chronological_markers,code_glosses,frame_markers,self_mentions,attitude_markers,endophoric_markers,engagement_markers,figurative_language,idioms,although,but,purpose,positive_connotations,negative_connotations,at_the_same_time,again,completely,slang_and_colloquialisms,emotional_self_disclosures,also,pleonasms,nonetheless,surprisingly,almost,informativeness,constructive_feedback,author_revelation,comprehensibility,detail_level,explicitness,context_dependence,persuasiveness,logical_reasoning,anecdotal_reasoning,right_wrong,tradition,supportiveness,empathy,status_suggestion,status_appropriateness,personal_choice,group_harmony,shared_responsibility,self-reliance,group_wellbeing,self_growth,self_responsibility,ext_responsibility,other_reliance,accomplish_tasks,implied_meaning,creative_text,repetitive,point_faults,tactful,critique,challenge,conflict,build_connection,vividness,expressfulness,vagueness,matter_of_factness,abstractness,figurativeness,concreteness,formality,conciseness,verbosity,emotionality,impersonality,politeness,directness,bluntness,cultural-relatedness,exposition,narrative,narrative_mode,expository_mode,storytelling,indirect,suspensefulness,prosociality,clarity,engagement,showing,context-first,setting-first,chronological,transition_level,causal_level
avg_labeled_utterance,1.0,-0.007755977508659121,0.04156713220869508,0.1378690309841122,0.004674071953422072,-0.03273817961017539,0.06691204302493456,0.04934759088755023,0.1184840854013749,0.06451702460699675,-0.005017900008138765,-0.0289696545270168,-0.028370385788374093,-0.049796421132391244,0.061644445203693166,0.06364152609754431,-0.00791464211158751,0.11737209452641495,0.0733095247038852,0.023271390488712868,-0.017872924602193446,-0.01476963031268267,0.01758922738628562,-0.020862024643163436,0.000271926511919056,0.017589227386285638,0.017589227386285638,0.017589227386285638,0.01758922738628564,-0.025008454911371606,0.08851353136324396,-0.017872924602193516,-0.01787292460219351,-0.01787292460219351,-0.01787292460219351,-0.33362423755416903,-0.03411129136187762,0.13328664260204104,-0.1946521456941351,-0.19877516858187189,-0.4202595708607868,0.41618031775380493,0.02700875603250477,-0.1028968138185674,-0.017882192051270313,0.03718438026019955,-0.05061792049346174,-0.0011647682386677794,0.047846702185600755,0.022112605217902412,-0.0625572738685971,-0.013160181480546257,0.030215500819346718,-0.009949879679142199,-0.01913084484394718,0.023063756856642456,-0.002841046552290784,-0.038543908570817895,-0.03815690460082539,-0.06030630694153979,-0.12298402382848077,0.48519521728642906,0.2561031234296775,0.020271258641426267,0.03148676348228336,-0.08616207566794795,0.15368659767268353,0.15520916275262367,0.030312987578138325,0.04182156929399024,0.165691156654558,0.21654155090041166,0.3776671771614484,-0.4183278761891299,0.2247848420322793,0.26756299189399196,-0.2816496934574753,-0.2788528380000049,0.016646568519841375,-0.04452209840961943,0.23251400877014677,-0.22069078435142495,-0.07612257149447482,-0.31329265260296996,-0.09058254125219206,0.12562978397726493,-0.30535978230119454,0.049960037602196354,0.05029463100442831,-0.3247999624640862,0.055447079849758316,0.3765433575128451,0.13851082797950814,-0.029414550713815938,-0.4412465097817217,0.20463105321287497,0.13235344813664707,0.046044807298831966,-0.028875531613306308,0.008340423035106157,0.01992087484132978,-0.0453085320119617
causal_markers,-0.007755977508659121,1.0,0.022582772445395586,-0.07295185566427938,0.0209750809551041,-0.0577319323126372,-0.08081708797925509,-0.00983572108964656,-0.013460738071849734,0.0019451577384844048,-0.05340752304022725,-0.03486767087032715,-0.04089036403734014,-0.054187030560132424,-0.023488604165817807,0.00819933489146521,0.03822024175466977,0.045742693038134295,-0.02844150756172195,-0.02053414043706038,-0.009342346795591322,-0.01483526239828508,-0.00934234679559133,-0.014694628047882867,0.011033813078962479,-0.009342346795591334,-0.009342346795591334,-0.009342346795591334,-0.009342346795591336,-0.013072156001557199,-0.009342346795591337,-0.009342346795591332,-0.009342346795591329,-0.009342346795591329,-0.009342346795591329,0.048776524118396766,0.06635745924077986,-0.014305211830317044,0.07457183451507383,0.004121924938910452,0.06258416733995821,-0.09693188289225246,0.10112330445783145,0.3407819024700674,0.035493293939608324,0.014935652322586168,-0.059459153032816514,0.04084093837316335,0.008031291410333716,-0.03365368008516304,-0.04167781981192426,0.0928078208367773,0.010315599111665252,0.047334300477733,0.07947710328479546,0.025621070409421003,0.0455003908929004,0.1016814208048732,0.1358328971285952,0.0289452739055132,0.040466222015024984,-0.01284392676706566,-0.032782479386288456,-0.022861112064563784,-0.021568813541499587,0.04053462748765298,0.011528283003548544,0.016717338977546275,0.015868096022662835,0.018660854878858293,-0.016260733153732512,-0.0011914964271109768,-0.03513229104284612,0.04154632262708283,0.01080891991418062,-0.03613860507660402,0.0076757597369972105,-0.014497565909038754,0.007291181892956059,-0.012137323027801059,-0.013680176899639955,0.0006563236207514784,0.026393504377585766,0.006491669275263844,0.05901002562562206,-0.056385265491002354,0.07033710106846273,0.012455702631921377,0.01044010243373489,0.06431634277537462,-0.002312276440656932,-0.005807532222131175,-0.03758831454200257,0.047397184893860925,0.06735974525355422,0.01748921560270541,-0.002133687027432254,0.10706950098051758,0.020481757558481247,0.052851029610415816,0.20693785521876018,0.47060078700522295
adverbs_of_degree,0.04156713220869508,0.022582772445395586,1.0,0.10048079322788181,-0.0318035029105008,-0.022408527975550083,-0.06831662578767751,0.014622918185678485,0.12365039165333291,0.0038808168658656644,-0.01692372211367504,-0.018307154123975575,-0.006781407706882488,-0.05422109328099654,0.031038369747640203,0.07453397478733272,0.017976668516648947,-0.017714486004808194,-0.03016286139946327,-0.025851238754951825,-0.010605236140975608,-0.016840678727682676,-0.0106052361409756,0.02577951657215042,0.07397896584245778,-0.010605236140975615,-0.010605236140975615,-0.010605236140975615,-0.010605236140975608,0.06188857808096638,-0.010605236140975614,-0.01060523614097561,-0.01060523614097561,-0.01060523614097561,-0.01060523614097561,-0.11256614635868394,0.006641304525662751,0.1020488831146845,0.09881462393962992,-0.09009561632690759,-0.023330623964338493,-0.03653312263908782,0.048759831807520616,-0.0241035243031366,0.019446606411439474,-0.028830573123828026,-0.08785149174292622,0.07626872930693118,0.048469936415239535,-0.06354422559928355,-0.04145295301729623,0.004811806121547209,0.009726273113738183,-0.02444459458864119,-0.029159515407143743,-0.026140211971941454,-0.04349561798367462,-0.03507598072619119,-0.040894914545999965,-0.06546537685083845,-0.08713669150561157,0.07840071624483995,-0.034497297646842166,-0.009405907299320547,0.02413540476933083,0.03282359220902341,0.10655718755079369,0.0048897812239738474,0.04806562940388343,0.03541017535696681,0.022902088861982466,0.08717077299634693,0.07642948112499616,-0.11441619582974076,0.002812182641901877,-0.035315972918150966,-0.07825753389026006,-0.17509166074374324,0.031750664970165335,-0.027767272675358327,0.1648529541787456,-0.16750495742102928,0.0033528938271189627,-0.04241245611523137,-0.03409569746130457,-0.11186448091465007,-0.13643350264179482,-0.0017640060158536578,-0.0007950751604278689,-0.13531982091829511,-0.013819767088180987,0.07120258771962709,-0.011450790573826232,0.01465003626431368,0.025854818743218242,0.015971566037179048,-0.009987557833295493,-0.009104870858285333,-0.01951363712301333,-0.033948791377824264,0.009729081716442434,-0.021054356016422773
transitions,0.1378690309841122,-0.07295185566427938,0.10048079322788181,1.0,-0.012610150183436147,-0.013631817925823875,-0.11363257710428361,0.022662111910093208,-0.0008517637448128171,-0.04190066687554735,-0.05271738862450559,-0.025827257459232877,-0.037955068212237396,-0.05522806421031422,0.042278361795863556,-0.014478116531474954,-0.028533251146250466,0.029470386403459503,0.004885142088258116,-0.01231596327078887,-0.013568677568042814,-0.02154650180772898,-0.013568677568042803,-0.021342246688822522,-0.02510957247330911,-0.013568677568042834,-0.013568677568042834,-0.013568677568042834,-0.013568677568042847,0.018127045074275643,-0.013568677568042828,-0.013568677568042828,-0.013568677568042828,-0.013568677568042828,-0.013568677568042828,-0.0772299122218563,0.041416511710694874,0.07435317618560386,0.016808691965383673,-0.0401765611401321,-0.06205656179340842,0.002753409185686564,0.044316095868411426,0.01688723596525166,0.05762164350052706,-0.022710897539709028,-0.027810249071014002,0.02661141849277377,0.03083441970068192,-0.06907178821896229,-0.09139811623295592,0.045333677227907904,-0.0014409711765028593,-0.021955392421421943,0.017176944733377286,-0.004308702799100362,0.009905293674014808,0.009358850915881135,-0.006815273444343375,0.007866182246118888,-0.035900777939797165,0.10674968096570382,0.04122541416213221,-0.0017468402276688835,0.05168549774724439,0.04386923128098354,0.13891769773566937,0.01523829751029828,0.08482805508059475,0.04011971080649477,0.04348211573633245,0.0878152347186453,0.08015513164932436,-0.09514269282226963,0.05232849293169617,0.023082652637275564,-0.06642151777194012,-0.1765492925943245,-0.06876599896449653,0.04878301779352281,0.08869546020021608,-0.0920220502434261,0.057570502941389774,-0.12864387800513014,-0.049272619799917254,-0.022141429392191485,-0.05437601116161673,-0.003576184642440237,-0.0023308514736449268,-0.08112770615536229,0.007722627130114395,0.1571966804757238,0.03984432209302959,0.023717161359015516,-0.08769382159338764,0.08374402708046726,0.05536170638109971,0.007457568985875843,0.008856044830981295,0.06793654659039466,0.21772394681553656,-0.009698686486541956
deontic_modal_words,0.004674071953422072,0.0209750809551041,-0.0318035029105008,-0.012610150183436147,1.0,-0.043406662507870765,-0.049986849091676736,0.01778967709320029,-0.004351589287335254,0.011719659835251086,-0.035770476816193345,-0.0030666715451989454,-0.01520914324852603,-0.020272903234984662,0.15291812873879315,-0.0034948009273921164,0.03391150265531735,0.14495653526083296,-0.02100490810580091,-0.022986024463862265,-0.010196720013052812,-0.016191971921537786,0.10697464383989497,-0.01603847632491257,0.008097273397042328,-0.010196720013052813,-0.010196720013052813,-0.010196720013052813,-0.010196720013052817,-0.014267626500198843,-0.010196720013052819,-0.010196720013052824,-0.01019672001305282,-0.01019672001305282,-0.01019672001305282,-0.008561221481965949,0.22470248349365787,0.11195805581150477,0.058430670123622235,-0.0699286469318363,0.030805079824884268,-0.03478113434676167,0.17122894359566113,0.03746914806587961,-0.0704870387903087,0.09317594013180377,0.06132041078192751,0.182946419020682,0.11938466152961029,0.0030472563982855863,0.04932877428699874,0.19415221962868845,0.11687530642211548,0.11302854530331671,0.13569724367002797,0.08702521914370526,0.11950424599298849,0.18367875353361776,0.03656523852735853,0.11499252099523098,0.1281564528576532,-0.017728350366815623,0.01340189400446235,0.013622194441430107,0.017083899249713038,0.052932732919055155,0.09114848775103306,0.12408513838693012,0.10417998056900582,0.02647130102056588,-0.05873968914117273,0.025292797612014466,0.05162126880674348,-0.09526993636164965,0.07942995734261396,0.038331090602061156,-0.11549503944957304,-0.07056953598585551,0.016546068895307547,-0.05149112398097725,0.04826681007931906,-0.11667802852373041,0.038253165668014434,-0.029230667203065348,0.04221992754720907,-0.01765240825723649,-0.04279610877403421,-0.10379826815434567,-0.10402247550573683,-0.050998203902208966,-0.08018414302240591,0.06595995226468444,-0.03454910794445408,0.18383376767406434,0.03620133884459275,0.04005155303240584,-0.07143522238743229,-0.03301799845202331,-0.06575348015315377,-0.04352657581726718,0.00928017265492378,0.033075567410290614
place_time_svo,-0.03273817961017539,-0.0577319323126372,-0.022408527975550083,-0.013631817925823875,-0.043406662507870765,1.0,0.04872330524848381,-0.03112648451744415,-0.008600533367188096,-0.010827495483897318,-0.05438268217378205,-0.04787930219843946,-0.03775043149586575,-0.061496979325037615,-0.031387652158063536,-0.017729693945707337,-0.029362547466402013,-0.07972916919577797,-0.018143155894202893,0.0013689261457935599,-0.009264631207967425,-0.014711853242099424,-0.009264631207967427,-0.006701935391921948,-0.012556150190672919,-0.009264631207967429,-0.009264631207967429,-0.009264631207967429,-0.009264631207967423,-0.012963413486705166,-0.009264631207967429,-0.009264631207967429,-0.009264631207967439,-0.009264631207967439,-0.009264631207967439,0.07415873917196868,-0.023966610899056957,-0.09374423575264423,0.08848327003973845,0.0828267075165148,0.08764325387415911,-0.12744241096116365,-0.04251171704047788,-0.04049835026933082,0.020858186944732553,-0.03951183391030092,-0.03375248840901515,-0.06432040599551826,-0.0774910133375563,-0.005388862903005027,-0.04043383694642695,-0.08501150789932306,-0.0655646430114266,-0.041516953007653463,-0.045899853381907836,-0.051859535783235516,-0.06333114529575451,-0.07653865271680269,-0.01642648139307824,-0.042334025902613426,-0.033113899906548346,-0.10098946673728766,-0.04250647715457328,-0.03221191457761837,0.03881040336218499,0.00635549207197653,-0.07115177977290262,-0.058969966660683,-0.05810456558001596,-0.021389798635983837,-0.00894495646095735,-0.07088334943298531,-0.12412780069707442,0.1195152927237578,-0.14370337847843037,-0.033624043993034876,0.15041749468349805,-0.0009949995402458185,0.045931682042491435,-0.016748985239699945,-0.07310220454632917,0.04302648623436012,-0.033888196611949285,0.06651192679172839,0.04818748085307722,0.026205904959479397,0.039383962331510196,0.02687941584178788,0.02039227575718434,0.055837491261389385,0.013111523759150137,-0.10082091227089297,0.011444151589933638,-0.07482365250697001,0.1094667875419222,-0.04927352891341731,-0.028466326756587494,0.16201637003543523,0.3085941302521823,0.11726686383598123,0.02039325480943018,-0.025512592025809123
explicit_references,0.06691204302493456,-0.08081708797925509,-0.06831662578767751,-0.11363257710428361,-0.049986849091676736,0.04872330524848381,1.0,-0.05818872360753504,0.061235689954108365,0.06684578220114618,0.03005288902876384,-0.03687907601931759,-0.04327634444266434,-0.08109718975993395,-0.0875858689001531,-0.05477318534378457,-0.011292270248169263,-0.06361271574657536,-0.02002803354897906,-0.0031314636999535436,-0.011347874039691274,-0.01801995716118687,-0.011347874039691312,-0.01784913274961921,-0.020999855305627358,-0.011347874039691296,-0.011347874039691296,-0.011347874039691296,-0.011347874039691293,-0.015878363646580518,-0.011347874039691293,-0.011347874039691272,-0.011347874039691284,-0.011347874039691284,-0.011347874039691284,-0.011091329518417278,-0.07902950194555185,-0.1050322682745661,0.10434171963196535,-0.05769022868289976,-0.010717218711714322,0.017216131822609924,-0.09300653008744748,-0.16582278221672855,-0.05027159270657177,-0.0011566863232707022,0.0821442774511008,-0.043495119080284354,-0.03717657803322284,0.14171137017765506,0.1337438956649553,-0.0866025620598968,-0.030932080428387305,0.02681219763128786,-0.06377408517223748,-0.009412373529275311,-0.06439816295970355,-0.06275435721881856,0.06263227810348407,0.07618962981903714,-0.0799235225468384,-0.055887893191963474,-0.02608037033839609,-0.026868556741550552,0.018836607292598864,-0.003239967767613769,-0.07944688721017205,-0.0316422752159234,-0.043564694404336426,-0.02437739937550453,-0.03835150494476872,-0.07387012398604605,-0.010251047818612316,0.06541481080869484,-0.09651625428362873,-0.03419089848557698,0.07106988637125758,0.049100755437291047,0.09457151879360874,-0.07936630787991088,-0.05389697928783271,0.059045711735951106,0.012459994653901171,0.09046140693471141,0.007943371207986558,0.16285102666752133,-0.03562117944099447,-0.025391258633901837,-0.023346422334586937,-0.014009518223516863,-0.03559196823345342,-0.083975161544972,0.010721147110806836,-0.03448057798413559,0.06491565955649545,-0.0852323700155287,-0.07224051104500875,-0.07702012969801547,-0.009370611747058798,-0.07705924011445249,-0.1196067135158341,-0.1388698038018625
hedges,0.04934759088755023,-0.00983572108964656,0.014622918185678485,0.022662111910093208,0.01778967709320029,-0.03112648451744415,-0.05818872360753504,1.0,0.012097156174014764,-0.061801106056657396,-0.02158061896242095,-0.013601655124985703,0.03345070409740765,-0.023843302425919036,0.01563957368752368,0.04533250040077039,-0.042691059745915236,0.058547752840065984,-0.01057262763320417,0.009126145348433897,0.0246876433667561,-0.003840196675669069,-0.010021707292773949,-0.015763197866039774,-0.01854571193930258,-0.01002170729277398,-0.01002170729277398,-0.01002170729277398,-0.010021707292773983,-0.014022742250898512,-0.010021707292773976,-0.010021707292773989,-0.01002170729277399,-0.01002170729277399,-0.01002170729277399,-0.018549104783854835,0.061302599205246604,0.05432122994968371,0.01624339177846237,-0.02064873897817423,-0.046856867786731954,0.007342254763321116,0.07910693808952006,0.06120957864163543,-0.003928583178960758,-0.010403595052177856,-0.05710591710018344,-0.016521782100739513,0.04350563420056063,-0.03958862076651598,-0.039066788219524695,-0.004616995774879238,0.008256016179252708,-0.01511819574863038,-0.05022696005785012,2.0586563213524862e-05,-0.030496175121076684,-0.028325824104117225,0.0312365579616566,-0.0401138386273742,-0.13060481601679655,0.12350348399753652,0.022177345923683818,-0.0031764321473364,-0.03390433623158703,0.006217445460273135,0.1665088739859573,0.09613086577386738,0.06539101142692566,-0.013190092672386806,0.029599894781808505,0.06474762544280518,0.09878102806910515,-0.1430322725968151,0.05066534855163388,0.04206803014314929,-0.09787582174571421,-0.08165742701629888,-0.0514607928547118,0.01845486844203473,0.047566025770157346,-0.08851807198799135,0.04501008739229764,-0.16559260402047865,-0.05064057671316624,-0.03517569993553622,-0.026026823851554564,-0.027600978914909924,-0.03034996906993733,-0.039442131709840754,-0.02530545278361673,0.17941547398084753,0.033446530462407496,-0.0025289125498757906,-0.009149530989847499,0.010862957554304605,0.005441908303070692,0.02272513805809775,0.015624774879993024,-0.05511213136727899,-0.001716572126153616,0.04099293222808033
boosters,0.1184840854013749,-0.013460738071849734,0.12365039165333291,-0.0008517637448128171,-0.004351589287335254,-0.008600533367188096,0.061235689954108365,0.012097156174014764,1.0,0.002726749360735085,-0.03196875215220519,-0.0019224227763391297,0.020652238859430697,0.0024891195768719883,0.019035370181263087,-0.007359992308943447,-0.04181656461169572,0.04605542372553687,-0.028028434192037713,0.049302324760287446,-0.00920666219226154,-0.014619800829811215,-0.00920666219226156,-0.014481208997896759,0.14235488549761882,-0.00920666219226152,-0.00920666219226152,-0.00920666219226152,-0.009206662192261536,0.03562633129564937,-0.009206662192261532,-0.009206662192261527,-0.009206662192261537,-0.009206662192261537,-0.009206662192261537,-0.12431420721564906,0.06223207699662202,0.18168903727604563,0.09437888103892025,-0.11499091153951846,-0.021122864714398712,0.006794007643521632,0.10385063238699413,-0.03563772847189769,0.0368735701299489,0.10874725098991525,-0.0476913564466588,0.07890238246587869,0.04997659786317001,0.024554909121624315,-0.008564274492607526,0.06752959810220775,0.04230284961761982,-0.02012411043990551,0.057108777091225395,0.030133444497248817,0.03520357120623387,0.05216110563408952,0.016580955181234182,-0.01653639903869893,-0.059066119929887154,0.08877524631833385,0.010884098285342559,0.06348392181217155,-0.0026826075478457913,-0.06641084657852597,0.06848527583816669,0.16707636180870572,0.02216479405041767,0.017435857586128388,0.05634905530892214,0.16393099369202457,0.09104119795563623,-0.16657350517641117,0.021606497839474118,0.01795517503876048,-0.06832068213266107,-0.20149600981662205,0.02726698963688435,-0.03723088154244728,0.197381855080105,-0.19897390829407915,-0.10924093774600388,-0.010936373886110158,0.07965706939216254,-0.02176214571305151,-0.17154993012249065,-0.022066569352756183,-0.01653586347950918,-0.18488805815226744,-0.015252439474425299,0.05274847629506316,-0.025909005139600923,0.024481962540979254,-0.04815249871088483,0.09471609944328188,0.003399195656049407,-0.02354608747396547,-0.06567149410693175,-0.028307311874050445,-0.04610722629209407,-0.05507676061160849
situation_dependent_references,0.06451702460699675,0.0019451577384844048,0.0038808168658656644,-0.04190066687554735,0.011719659835251086,-0.010827495483897318,0.06684578220114618,-0.061801106056657396,0.002726749360735085,1.0,0.02259575745516846,-0.02579235085607698,-0.045359070682840265,-0.05899856464523096,-0.03437034969184593,0.018242882554478736,-0.0332750355322756,0.03930146388965537,-0.008180207577280817,0.06283193642903712,-0.007757278440827398,-0.012318239055366807,-0.007757278440827371,-0.012201465418262076,-0.014355263748351376,-0.007757278440827394,-0.007757278440827394,-0.007757278440827394,-0.007757278440827395,-0.010854269932889342,-0.007757278440827402,-0.007757278440827403,-0.007757278440827403,-0.007757278440827403,-0.007757278440827403,-0.11689480199195237,-0.03417671245891121,-0.04213335705603664,0.07237797900784203,-0.10878365825191758,-0.006458394861148989,0.04317834488738453,-0.04832468367361474,-0.0769259212523749,-0.04228538474726422,0.0029577062057798992,-0.04042051742168511,-0.018700231054397932,-0.023351178336416818,-0.02972303111834956,-0.03280717233360232,0.01837720457970585,-0.039410363696469955,-0.006098933979707578,-0.0029178043992573307,-0.0684571184310322,-0.02599978707974365,0.06872034470221408,-0.06532963382280088,-0.044112362440033914,-0.04305820206014242,0.008072903500382922,-0.010098853906009191,-0.017735200963457463,0.03861477346758781,-0.08446336124289262,-0.03365690573236774,-0.049763323856308175,-0.054823823483328635,-0.03079792406811245,0.034366079723908836,0.015256601580716848,0.006445335589144622,0.0015570155034049405,-0.07670823080128339,0.003464640367064726,0.04378254393038389,-0.13756124958957733,0.12550593453609882,-0.08119492971316014,0.04514246942122223,-0.045968327977811474,-0.12381508882627612,0.08133280701320578,0.06811152503617936,-0.08223460849432862,-0.14301061842289564,0.038982688330503945,0.03525409513544703,-0.15353043806885586,0.0451002803441288,-0.04517692667124504,0.031619160325011164,-0.057183077743465975,0.042112339667928315,-0.05406549413074599,-0.0006470958446804832,-0.07349604231483822,-0.06639286472153488,-0.029563189794119503,-0.0692460709172711,-0.033062140450920804
evidentials,-0.005017900008138765,-0.05340752304022725,-0.01692372211367504,-0.05271738862450559,-0.035770476816193345,-0.05438268217378205,0.03005288902876384,-0.02158061896242095,-0.03196875215220519,0.02259575745516846,1.0,-0.01785717814122177,-0.008961957560066248,-0.01531929970362487,-0.07613825747857338,-0.042286431374482535,-0.024313805397703957,-0.04059499317729181,-0.02437975007430907,-0.002304689435517087,-0.008008157777493327,-0.012716625121649781,-0.008008157777493363,-0.012596074890364463,-0.014819529543929417,-0.008008157777493337,-0.008008157777493337,-0.008008157777493337,-0.00800815777749334,-0.01120530954833285,-0.00800815777749334,-0.008008157777493332,-0.008008157777493334,-0.008008157777493334,-0.008008157777493334,0.12395206333545258,0.00947819219797894,-0.04519829442222515,-0.037101876761438383,0.05090457953708274,0.05547654375312532,0.025432596355979067,0.08865335143108927,-0.0013886196567789257,0.03436500521265193,0.02960964096191252,0.17195039080837224,-0.009844820202294567,-0.029843716751107707,0.13035215525843663,0.1623769799667215,-0.006651995169279321,0.02072928317455677,0.03939768442741043,-0.0143513178020002,0.045429065344922685,-0.016578636614955355,-0.0005174075232967288,0.09357463341931924,0.08001251317360242,0.03576140817047417,0.0015781677465403763,-0.051852401085733156,-0.02974571973967293,0.051744447553444775,0.059225152987040536,0.021247077535557445,-0.014088776207710835,0.04138561851012325,-0.040492834644388125,-0.07126325341766344,-0.08679780627632412,0.010130771910823068,0.08247875398111885,0.0204220892335589,-0.040047478873723855,-0.02032496547340936,0.12224013570592727,-0.0594964082320498,0.015756504221956368,-0.05387882636285202,0.12636719007961025,0.08136794748814215,-0.03359445726783539,0.017295161860598825,0.014708305830984413,0.1104843003455851,-0.010472368654652044,-0.021424068972421304,0.10991040866102944,-0.01924129647007861,0.0036076295803650813,-0.010655201367763946,0.02917380754674531,-0.016618533710810124,-0.03811152451685202,-0.06593525869860457,0.018625036414781453,0.01901172879950127,-0.012874582834957021,-0.05605773067425803,0.009998170194120103
chronological_markers,-0.0289696545270168,-0.03486767087032715,-0.018307154123975575,-0.025827257459232877,-0.0030666715451989454,-0.04787930219843946,-0.03687907601931759,-0.013601655124985703,-0.0019224227763391297,-0.02579235085607698,-0.01785717814122177,1.0,-0.05148708179302314,0.048415262536962246,-0.0016348712458528715,-0.03678640388778485,0.0004749622676847317,-0.015621777448996605,-0.036422984950954786,-0.01942316483567655,-0.011964068922998474,-0.018998449287668074,-0.011964068922998491,-0.007342172161849981,-0.01544943370393587,-0.011964068922998453,-0.011964068922998453,-0.011964068922998453,-0.01196406892299848,-0.016740566240660434,-0.011964068922998478,-0.011964068922998464,-0.011964068922998478,-0.011964068922998478,-0.011964068922998478,0.024162498487706036,-0.007552882214329967,0.02507708247114008,0.03918345010245269,0.031104338525288894,0.017960455253222173,0.0072136289303088704,-0.06421628990132353,-0.007478012219168601,0.06984504400251312,-0.023369610626486303,-0.0018236698165241699,-0.03165560691974924,-0.009587529739409927,0.02619283609957997,0.004801649535633999,0.02348128982266142,-0.02404588700211428,-0.05640621818767758,0.006528156752494342,-0.05184022625898523,0.04288932093987432,0.03296015296021707,-0.02004894260284757,-0.013484835528268235,0.026995033859660116,-0.07297804868768312,-0.033267408238329695,-0.006225311640747555,0.0017618543642799085,0.0009199071454280727,-0.024958420252905927,-0.06677719466612304,-0.07455511854761482,0.006089399118417557,-0.046339838602913366,-0.06674577675250756,-0.029955414144763402,0.08401439814046618,-0.08016242390956921,-0.04528955061519547,0.08467576846809143,-0.023762433763179606,0.02139352511047157,-0.04736261166557902,-0.030309961969271812,0.0035804328800564753,-0.006930213223126013,0.04527828894067102,0.021307882501972807,0.03300153962574249,-0.003961849450053773,0.04241961897156178,0.04486434068899157,0.017134142121702473,0.018175166202592456,-0.050571670313715116,-0.03893673936227929,-0.043567111887361246,0.05527045492386307,-0.058196068123738606,-0.005053403213278724,0.12819631332336798,0.15534927813330135,0.28901087575517037,0.17387099423384916,-0.002029252530410112
code_glosses,-0.028370385788374093,-0.04089036403734014,-0.006781407706882488,-0.037955068212237396,-0.01520914324852603,-0.03775043149586575,-0.04327634444266434,0.03345070409740765,0.020652238859430697,-0.045359070682840265,-0.008961957560066248,-0.05148708179302314,1.0,-0.024272023627990313,-0.010085633642167843,0.001813376873362805,-0.027674911656606335,-0.019079233308385585,-0.002450341040394067,-0.0148525531847521,-0.0060931251811104465,-0.00967563213667345,-0.006093125181110457,-0.009583909711835918,-0.011275658040867258,-0.006093125181110443,-0.006093125181110443,-0.006093125181110443,-0.00609312518111044,-0.008525725350088617,-0.006093125181110447,-0.006093125181110447,-0.006093125181110449,-0.006093125181110449,-0.006093125181110449,0.0375296560705044,0.05886193947157555,0.0026226180972819322,0.012985851862054127,0.05844491735968241,0.022285512044882255,-0.06080483392743842,0.016624445731892028,0.03350845091089479,-0.02052630043937078,-0.0017288248816873521,-0.016197572993143873,-0.012053364634064156,-0.0290106294781118,-0.04782053762707299,-0.02695422104922164,-0.03769690782604138,-0.009869728781445332,0.05608004317137409,-0.020791145555392757,0.023475988559575507,-0.010990176539888583,-0.0017603960840568943,-0.017475370866115263,-0.019859703545119962,-0.02013001692729443,0.01464273164531765,0.02450551058623715,0.045596130311276815,-0.009505490569596056,-0.02636861567402147,0.0210390888922655,0.02463059028097487,-0.019240638922067003,-0.027181935858466816,0.004252288228631342,0.02476198223933263,-0.01410800255478409,-0.009284384909995074,0.007437597482558076,0.028342738009507786,-0.00701515918348078,-0.014241257526533522,-0.062298122052200575,0.025045056837882503,-0.0010283848887223744,0.014682893811968002,0.035412527796846796,-0.010653765914701525,-0.002063133925565523,-0.01719007481774616,0.05136003555632791,-0.036338961195925,-0.035630927167587305,0.06218800181543354,-0.02131464029776745,0.03234736044911212,-0.018044204936317428,0.008014582913216144,0.004931880207686714,0.01789087103407956,-0.0011225810905798152,-0.024806950552240407,-0.03047958559241936,-0.039996730786579886,-0.03754539442077566,-0.013444074457544366
frame_markers,-0.049796421132391244,-0.054187030560132424,-0.05422109328099654,-0.05522806421031422,-0.020272903234984662,-0.061496979325037615,-0.08109718975993395,-0.023843302425919036,0.0024891195768719883,-0.05899856464523096,-0.01531929970362487,0.048415262536962246,-0.024272023627990313,1.0,-0.02446345098704548,-0.013281637851340091,0.0030766503667758347,-0.015251980194632404,-0.02553599427317704,-0.016446185846615002,0.024221614882538933,-0.003013730634970167,-0.009224533843781853,-0.014509319415700597,-0.017070499311477354,-0.009224533843781862,-0.009224533843781862,-0.009224533843781862,-0.009224533843781862,-0.01290730777672102,-0.009224533843781869,-0.00922453384378187,-0.009224533843781874,-0.009224533843781874,-0.009224533843781874,-0.04268854484964448,0.013023641107485585,-0.014693576779555101,0.011662697117478969,-0.06444791595827531,0.003285602271542466,0.0778667550598374,0.012893346496165824,-0.01068173976315552,-0.03989779662092169,0.013492294594718053,0.020619642358681117,0.02610790953053121,0.014552891750725242,0.056828030615482694,0.06520279171728263,-0.026841612185545604,0.04488502544532182,0.034297803495419665,-0.00806484125926226,0.043880742125175155,-0.015222418355440847,0.008591640260383768,-0.009815770185551723,-0.028060458436244946,0.10573115147907063,-0.03641580594885221,-0.032621247937782656,0.0003116324524993938,0.03388005314581784,0.05048890251990003,-0.012701901943486499,-0.007405625225193529,0.051580038943465786,-0.04629251837950803,-0.05850279807952835,-0.07499732380459823,0.07320159454097816,0.03375765199324899,0.06067044096699835,-0.03725456775796986,-0.055063022297922995,0.0964636469795836,0.028929033196887412,0.0247498418809045,-0.0686160157311596,0.07049584486587367,0.042123841043880735,0.00721761390782132,-0.014410329788471826,0.027972424918557004,-0.00546348258360342,-0.020878772070371795,-0.01995310948365409,-0.009078665363594059,-0.005145719284246593,-0.02825455809054902,-0.041097346688074375,0.03184257265899029,0.03836394873829024,-0.07116484766297583,-0.012530265002010318,0.09135208325246862,0.029018138618665937,-0.026876405897190165,-0.01804884009782721,-0.05166394922510452
self_mentions,0.061644445203693166,-0.023488604165817807,0.031038369747640203,0.042278361795863556,0.15291812873879315,-0.031387652158063536,-0.0875858689001531,0.01563957368752368,0.019035370181263087,-0.03437034969184593,-0.07613825747857338,-0.0016348712458528715,-0.010085633642167843,-0.02446345098704548,1.0,0.12890884176425887,-0.04936854006796224,0.2589905850685653,-0.026636534042691343,-0.026495075254845152,-0.010869364223280352,-0.01726010325703069,-0.010869364223280354,0.050050269283497005,-0.02011434698294026,-0.010869364223280366,-0.010869364223280366,-0.010869364223280366,-0.010869364223280359,0.08403065977233601,0.13980319175163344,-0.010869364223280357,-0.010869364223280357,-0.010869364223280357,-0.010869364223280357,-0.21671704189028196,0.012198053100620929,0.4676108620542525,0.13961730520465318,-0.1652279206168096,0.015122069255632704,0.012359131147720035,0.0028681641446284185,-0.10291400480578185,0.18399704794986999,0.06682688414468757,-0.07465504666750977,0.13765032209548533,0.19359662066223482,0.021938081511651587,0.04519557793940005,0.2558656593600663,0.17941538007103633,0.10326086042707902,0.09699049069110728,0.030032124500826967,0.06761596899849559,0.17476695438094678,-0.03583851225219034,0.04494052593264132,0.02332801407670157,0.08612033373972242,0.0035152300423196997,0.11922569494912337,0.05414008997762373,0.07674215820138107,0.06774380291843182,0.06319760884228601,0.14506897496072313,0.33360305554428676,0.009471377921920833,0.14677215773041316,0.07337595444871917,-0.18226979324707077,-0.027335439641706524,0.020594724377291363,-0.048627599696664726,-0.29762436829431776,0.03453217885999548,-0.05561921982313727,0.24815399247825431,-0.5307465730025649,0.019032751994666558,-0.04682051338447509,-0.029534523217303727,-0.13051440144563373,-0.2838217030866977,-0.0012774430800813674,-0.0023354419107299664,-0.2945020866983795,-0.012309639048089908,0.0836183289637001,-0.022015212008959967,0.1280387895291456,0.08212018608870666,0.11085132909670566,0.010119035454254976,-0.032721547955315365,-0.04859460445486614,-0.032689276461275396,-0.042841912814661716,-0.08903463726991727
attitude_markers,0.06364152609754431,0.00819933489146521,0.07453397478733272,-0.014478116531474954,-0.0034948009273921164,-0.017729693945707337,-0.05477318534378457,0.04533250040077039,-0.007359992308943447,0.018242882554478736,-0.042286431374482535,-0.03678640388778485,0.001813376873362805,-0.013281637851340091,0.12890884176425887,1.0,-0.024007617831430832,0.2647896306146791,-0.01609161208588734,-0.012884392373314475,-0.005285705066099061,-0.008393482208616833,-0.005285705066099058,0.0038890276474826267,-0.002667048687221864,-0.005285705066099065,-0.005285705066099065,-0.005285705066099065,-0.005285705066099061,-0.007395953363117975,-0.005285705066099064,-0.005285705066099065,-0.005285705066099066,-0.005285705066099066,-0.005285705066099066,-0.091663786163415,0.03972147282173693,0.1111825592670878,0.04605927639229139,-0.06656308034581006,-0.010579553898747955,0.017469933468925582,0.03730057851648365,-0.02243340093991546,-0.01806993236247976,0.07352526351123383,-0.012186786886628456,0.05654347177053542,0.11514774473253836,0.00951974847876669,0.027533077776072796,0.076833697118873,0.0298797297570854,0.01760717145779058,-0.012911770729878466,-0.012594157936770324,-0.003635763071422923,0.07374048366408138,-0.0338805866727459,-0.027386673272798118,-0.028973977675634675,0.036289675667095594,0.0036278170377274516,0.02597926479317379,-0.006167416516015873,0.015086411050711603,0.07256541835438957,0.09882725440693015,0.11876818024518108,0.04240348846632226,0.02069518295850245,0.1015345966094293,0.04368440663732413,-0.17268999778123292,0.05960387148419977,-0.011427944747308752,-0.07975393063284253,-0.07117095885191019,0.005861448528832752,-0.03387994987612236,0.1719358344950256,-0.1641357302786198,0.026287099395272694,-0.04581500604130405,-0.0187855812607789,-0.024194240907252994,-0.09822794508132462,0.02793892005368959,0.03058555235288757,-0.09179166089627491,0.03577532620118597,0.08450552227350452,0.03676396193197147,0.06474788262922365,-0.015153095062363432,0.06219605457656314,0.010269504464789627,0.001224329707452185,-0.02279418006806439,-0.051918092409344585,-0.043243063458379194,-0.020567760094921502
endophoric_markers,-0.00791464211158751,0.03822024175466977,0.017976668516648947,-0.028533251146250466,0.03391150265531735,-0.029362547466402013,-0.011292270248169263,-0.042691059745915236,-0.04181656461169572,-0.0332750355322756,-0.024313805397703957,0.0004749622676847317,-0.027674911656606335,0.0030766503667758347,-0.04936854006796224,-0.024007617831430832,1.0,-0.012400251590732403,-0.013841312770672957,-0.011082600285618601,-0.004546536210475236,-0.007219712472837563,-0.004546536210475244,-0.007151271514636138,-0.008413611415479975,-0.004546536210475246,-0.004546536210475246,-0.004546536210475246,-0.004546536210475235,-0.0063616810540695675,-0.004546536210475235,-0.004546536210475233,-0.004546536210475234,-0.004546536210475234,-0.004546536210475234,0.029183229781722532,0.016133394805224494,-0.07060075539327637,0.007854992165690194,0.013601434974673594,-0.0005386238937338862,0.03334353092031269,-0.020270757009259364,-0.0017648361284827445,-0.013555105456593554,0.02325046016584434,0.039202601006911114,-0.029472428510661317,-0.051742798350403456,0.013906450004063504,0.02874362468862973,-0.0003244053391372687,-0.04917250439894426,-0.02086624307087089,-0.022047309389983234,-0.03323410337747777,0.0045110617554320435,-0.021583866715829778,-0.01707481643570637,-0.027205639321126945,0.014373866980941582,-0.012821480372582633,-0.04212117213497918,-0.016887778145825084,0.030114897322921774,0.02071496087027077,-0.023467498027548023,-0.0022269082479428864,-0.033581166639513306,-0.03449232558482549,-0.07152855538373411,-0.08811124325292041,0.022140318875771604,0.07531912885938667,0.045096926217315744,-0.04061254403265266,-0.05390856352652187,0.09950537907618662,0.0005505889643584688,-0.039281221980731966,-0.0821039509759199,0.08164380378762987,0.0544822413905125,0.01914417528209862,0.0004097741868289473,0.0024854321550260403,0.09999911844531321,-0.033972352613438436,-0.03341465741482388,0.1021120876289865,-0.03069673691691643,0.01125309979661594,0.04703255465976178,-0.03199396889460352,0.060169038588140766,-0.0401807988735604,-0.05572355397172726,0.07801658200274157,0.036364963491782025,0.027050786996823048,-0.01455568059453767,0.03634705964092409
