,avg_labeled_utterance,transitions,attitude_markers,hedges,engagement_markers,causal_markers,boosters,chronological_markers,evidentials,deontic_modal_words,frame_markers,situation_dependent_references,self_mentions,adverbs_of_degree,code_glosses,explicit_references,place_time_svo,pleonasms,figurative_language,endophoric_markers,negative_connotations,idioms,slang_and_colloquialisms,emotional_self_disclosures,positive_connotations,informativeness,constructive_feedback,author_revelation,comprehensibility,detail_level,explicitness,context_dependence,persuasiveness,logical_reasoning,anecdotal_reasoning,right_wrong,tradition,supportiveness,empathy,status_suggestion,status_appropriateness,personal_choice,group_harmony,shared_responsibility,self-reliance,group_wellbeing,self_growth,self_responsibility,ext_responsibility,other_reliance,accomplish_tasks,implied_meaning,creative_text,repetitive,point_faults,tactful,critique,challenge,conflict,build_connection,vividness,expressfulness,vagueness,matter_of_factness,abstractness,figurativeness,concreteness,formality,conciseness,verbosity,emotionality,impersonality,politeness,directness,bluntness,cultural-relatedness,exposition,narrative,narrative_mode,expository_mode,storytelling,indirect,suspensefulness,prosociality,clarity,engagement,showing,context-first,setting-first,chronological,transition_level,causal_level
avg_labeled_utterance,1.0,0.23214798938697126,-0.003657043957474599,0.05981115541521501,0.11824258369343335,0.053400273751282416,0.14387073905899747,-0.015276496212368842,-0.031892047130460364,-0.059291448002782965,0.08147332977691692,0.0931906193033387,0.04671650443319499,-0.001984178275359223,0.03158243718304477,0.08552206593811768,-0.0012962450499855325,0.023901931670625615,0.004718815573831211,0.008178505177887024,-0.001619335489707907,0.06000067867505146,-0.026440676062327872,0.003121239116139952,-0.04360137250663015,-0.41077860161748225,-0.021507446609797237,0.12996481223384299,-0.25716298366104634,-0.2938308870413706,-0.47139122172937786,0.4891269376593067,0.0230451644506971,-0.10242618151961333,-0.013393749984114882,0.0397572474856715,-0.0714841607971257,-0.016259830122883113,0.008920030491192305,-0.003390437983370559,-0.1086301306456683,-0.02824383130485975,0.010311158456268402,0.012066648062373715,-0.018621608192694945,-0.005175949168300342,-0.043671803402114254,-0.04220851273030888,-0.05488789552744433,-0.062392696558148164,-0.1279930647194974,0.5066741568540252,0.22746206284831325,0.005018452926316826,-0.01119083183588979,-0.1460407319465837,0.19335209482091933,0.17285923494047686,0.03146729827296762,0.014185393608656737,0.10174140603666354,0.1830051929686829,0.4866704332877053,-0.4792308574766315,0.26372516324338796,0.23031560817623106,-0.3620571686452915,-0.32937871204618174,0.02202764463201004,-0.08278102872605982,0.21815495745041222,-0.22386986242639845,-0.14202986096372183,-0.3225367832420211,-0.06081593488856733,0.054527111496672505,-0.37936462116572334,0.010457689051250302,0.007381830105449803,-0.39043341393049164,-0.001437309385709726,0.4455384826985611,0.13972853393874968,-0.0633562620702102,-0.4470142208107288,0.1404382518551747,0.08494033709626272,0.10130891841718108,-0.010098874680112465,-0.024008242546590116,-0.0014637764358907289,-0.04008955763911271
transitions,0.23214798938697126,1.0,0.013526661988069386,-0.01600051745667663,0.04626523568292719,0.04481566431414115,-0.02734412819702722,-0.036715426291643025,-0.03052324084658551,-0.001668215799928705,-0.003955426415700535,-0.04393545272249158,0.23007832241136808,0.014157460512720432,-0.02281640978648795,-0.08420740271492502,-0.060839089800079106,-0.018329441734355217,-0.005381309872604313,-0.027273498154701883,-0.025330217709906004,-0.011161432402601711,-0.010961713434608856,-0.015482310437446033,-0.023776032003387116,-0.1053051262934178,0.011914529377422349,0.11057838492779405,0.005624012280576256,-0.07742459581065776,-0.06097203741369002,0.08643596760093636,0.023659415903028374,0.0063129031676031865,0.054831946477729966,-0.01831523048262982,-0.03810050872452795,0.02118158976747316,0.032821178877808846,-0.055840989276887014,-0.04069101629642036,-0.005522631756625089,-0.00580223475015774,0.03626674598876828,-0.005612898578278183,-0.02491199070138463,0.002693340597099408,0.01999688604647736,-0.020877078511981645,0.0018280707301294831,-0.04739817433067541,0.15989270993421298,0.04232807887046843,-0.019050614543456246,-0.009997792549598691,-0.040776427393706384,0.12157222951044763,0.07022637887543089,0.025115117021560013,0.06724238696623465,0.014623918333183708,0.08906780185551899,0.1160876333054036,-0.1511872046568258,0.04125713461544938,0.042597518464450174,-0.07709586360082944,-0.2316507964001425,0.02859372748563069,-0.045294328716629424,0.12877999521455014,-0.14700681971674018,-0.04796744158595685,-0.06923261865148994,-0.005224249278373401,-0.04201188346295024,-0.12600642794985267,0.0047904716581199875,0.004331721726301166,-0.13058574806176193,-0.010702105720449412,0.1279913952220582,0.08578535164450728,-0.008946546844577696,-0.06867386012419362,0.10686896001962615,0.04328096819931837,-0.019321875528750133,-0.047427569775376315,-0.0015439350758236004,0.08690487270323335,-0.006300484739851423
attitude_markers,-0.003657043957474599,0.013526661988069386,1.0,0.0020758258180431327,0.04965932440614632,-0.0058288714284902956,0.07034482758698017,-0.03489545418995944,-0.02896708112067864,0.03771743266537137,-0.02311008040142071,-0.015057588372073572,0.020758024460027,0.012185877680573878,-0.01583199120923066,-0.029844895013009413,-0.002559019858326308,-0.009625099136171787,-0.015474777977700827,0.02996519574314815,-0.013166299060236319,-0.01048923619451667,-0.004842061004544035,-0.006838920947587928,-0.010502463697227609,-0.05535913849333695,0.055533720977549814,0.07729227362629838,0.041598787238804766,-0.0417635587768041,0.008720444569741973,0.027050340946741788,0.08995903757674366,0.007318301024101839,0.011747299219737974,0.08393878369770849,-0.053079028197356236,0.07865923435821637,0.10103882574309053,-0.009588584626958066,0.02049088523681996,0.047607203747902574,0.06580846005685544,0.017176163865051705,0.008643089786813536,0.031555166991806084,-0.0045643004446194345,-0.011366647834514233,0.017275443271125967,0.0220822471284342,-0.02529424312653733,0.037340371777526596,-0.02740485988842511,0.07189279814658818,-0.03875533171080366,0.002379328892238354,0.0901091514868179,0.1294859711802876,0.06173937660271172,0.0489876278788494,0.008348649432768038,0.06741407714681065,0.01702768323470866,-0.12785962031418252,0.010527991942277434,-0.019447390633306205,-0.06182329653106027,-0.07077356457099229,-0.01948768542594638,0.012985182005240887,0.11660139871150821,-0.10482515647835888,0.03461039011758992,-0.04117029371199084,-0.005330279385356228,-0.035124257235066896,-0.057317550595942936,-0.017871381789900036,-0.018496614824113255,-0.04397709949524063,-0.006047098095433055,0.07664956259587657,-0.010787115838506266,0.07763310427260428,0.030876494057757775,0.08363764917651459,-0.012838997122753885,0.03208177565591652,-0.01343650703550251,-0.04784005447194647,0.046796369817424285,0.026584828100664933
hedges,0.05981115541521501,-0.01600051745667663,0.0020758258180431327,1.0,0.05355252731737478,0.01250857008271509,0.031806411051950076,-0.05473235212629817,0.003810773738398273,-0.009642074495915524,0.013822788278123294,-0.04739692148948898,0.02379190099412151,0.08098657881121335,0.02174595727273546,-0.08043415942141957,-0.0024869425340928214,-0.021991958115883267,0.013214134610492756,-0.0082246638505123,-0.03008308728849885,-0.015492521387617947,-0.01106340841792485,-0.015625944305547167,-0.02399660912322599,0.00649556058332202,0.006162140368281049,0.10246130990798738,0.03828347345386871,-0.01459651362137509,-0.008994365622870367,0.0076048673164388425,0.09355234796907333,0.09472594332728167,0.0232706705149099,-0.01900448120581288,-0.0744338448578238,0.02708195811046607,0.07014563802101212,-0.0510305732071189,-0.07660130797706607,0.08541791024431016,0.04030798967947207,-0.04272350365259603,-0.037639387373092005,0.01207565596877363,-0.04582148789092192,-0.03867675596512484,0.01153545773530792,-0.001916733049120746,-0.11303526253371063,0.08538436807238868,-0.024465205271551084,-0.02315918841704533,-0.03532958673464503,0.04396962376218481,0.12842211618904523,0.040455739373633524,0.05154767385518746,0.0719137078193147,-0.016276474299573376,0.026366286376776023,0.0767795750350253,-0.12609010867000783,-0.028714246140540894,-0.02530988280223747,-0.01544435640376907,-0.14829735460667864,-0.006940770477972372,-0.0036331600005807497,0.04406293352563935,-0.12231480900232122,0.09045584739461196,-0.10799133759905288,-0.03604267561046473,-0.036844659808870896,-0.01944325233316683,-0.03810706179144304,-0.03960160150293139,-0.025946901270317315,-0.039924118888505715,0.13285065252573589,0.019982011858450104,0.023247964216751498,-0.015398687876436007,0.05437401878029832,-0.026588958272175882,0.05408793768502586,-0.011939118160083974,-0.02720256378238202,0.023186343438598798,0.08764128531733559
engagement_markers,0.11824258369343335,0.04626523568292719,0.04965932440614632,0.05355252731737478,1.0,-0.008667118707457608,0.15800018450893494,0.033781086662097934,-0.051308828371838325,0.15750615745888438,-0.011218204654059937,-0.04500820075980941,0.15629765813935886,-0.047576281663179995,-0.025004045640543718,-0.07587056164131846,-0.0034997386424767763,-0.019176333968389053,-0.0232789549192255,-0.018036088193299736,-0.02269930104894711,-0.019436776880000665,-0.009646963382382372,0.027560089093965685,-0.02092433007698051,-0.20183411704204152,0.14580130378273953,0.14798303006484184,0.07227837557179448,-0.19897872072086756,0.012574066893616094,-0.008431021666134108,0.1168969923844121,-0.051980348614683064,0.009744031201877274,0.08882404618004078,-0.031511430640452504,0.19709751209653284,0.20079931348757032,-0.02017995784666269,0.023614421499500125,0.24587089666036913,0.1074000465085469,0.016430605617040007,0.18162046568218237,0.03718207590004175,0.12853657567474933,0.24370842084269298,-0.09768797251863946,-0.012863583154238249,0.025260865050413465,0.07844797237602373,0.000848153648464443,0.015755109463823726,-0.006262736081065597,0.03646976518354377,0.05685687492230991,0.15513191571343227,0.13769080360672184,0.09278743798796255,0.008754895312007564,0.11170883809233684,0.036889717656537376,-0.18236563503413367,-0.027894200410010707,0.0009467653852721465,-0.05609964028305267,-0.29106738413286903,0.11518144607514612,-0.11134318037797478,0.1875914655524741,-0.32248048166763105,-0.011806438488224174,0.04944927897718737,0.07153655091808522,-0.0996707331112403,-0.246661340217395,-0.09894846164465386,-0.09866140815280335,-0.24478167928803327,-0.08195053413139318,0.03236777336552489,0.02411817794024542,0.1464555814973101,0.020101309763978115,0.19709596174475325,-0.04494939322002752,-0.12529798485880983,-0.11028250304399989,-0.06563145043843471,-0.06158606569993812,-0.07932025728938108
causal_markers,0.053400273751282416,0.04481566431414115,-0.0058288714284902956,0.01250857008271509,-0.008667118707457608,1.0,-0.03202016396019593,-0.04588732926295993,-0.0372029144419584,0.04482319585005116,-0.026225622947517138,-0.003576760250769829,0.02435516157889587,0.018724740029460892,0.008670292495950674,-0.05372363620287245,-0.02973268971112917,-0.015115241319659363,-0.024301568242769387,-0.02436046516846692,-0.020676336395785942,-0.01647228086651008,-0.007603965375602887,-0.010739831250193206,-0.01649305331702761,-0.023472328124848337,0.029569506549834337,0.06770130553962951,0.013311347767332497,0.022503817539111997,-0.015531245690804702,-0.018271871496767348,0.07670694497209242,0.12525699166033682,-0.03996760811576803,0.0164640024111624,-0.0005608257729375882,0.029154087306042745,0.03129796553233212,0.010553626386374302,0.008814645310012442,0.012847059889476665,0.014880537956574786,0.018117703818280526,0.11452071549700969,-0.004220548879947354,0.09018473192967351,0.06218177641422244,0.03159312294191601,-0.0046382824454879144,0.01642780919799716,0.06685830655739025,0.04019663832546533,-0.027049266827996434,-0.011372792948039848,0.018074017107942427,0.012692916700930248,0.03224413934202205,0.03199812606306586,0.0203675868609347,0.03001508608254513,0.04755287557776561,0.02178434575807984,-0.04178737166003552,0.06276011380574721,0.025687927727428055,-0.03505685790033891,-0.058181018245236076,-0.0625484019828611,0.07038010553446077,0.040427345389934255,-0.04173880031820666,0.023434519865417284,-0.08411892524345417,-0.02424877350546339,-0.03442255298152873,0.010306197155908907,0.07743574652771591,0.07390105098327712,-0.007053848300967663,0.07635126921114702,0.0741588646841588,0.00261552090551208,0.02762995879285883,-0.0017577154512055202,0.08445394285757984,0.044242460260429294,0.0917885087072751,0.011675598262865237,0.061650156294630776,0.1258582951224137,0.1824769814817849
boosters,0.14387073905899747,-0.02734412819702722,0.07034482758698017,0.031806411051950076,0.15800018450893494,-0.03202016396019593,1.0,-0.03867403781937221,-0.02407210944174584,0.05013189316281929,0.028619936524782032,-0.03597233692132723,0.04781841497688915,-0.009989908850934908,0.02130228004464647,0.22111992186966162,-0.038451552654843575,0.00023573523980944597,-0.02121036075487851,-0.02126176587527733,0.05544347786619726,0.08639015079235411,-0.006636725958298202,0.046640862163300344,-0.014395104353303923,-0.13853239061502365,0.024049953743638344,0.11731276016058795,0.030114665091543886,-0.10033949156132378,-0.07290816086816984,0.07648728353292125,0.06662873584394606,-0.03382665339279241,0.023947216695358986,0.05817182852642901,-0.02683366744289776,0.01811181177077277,0.021180686325985684,-0.014194965838662376,-0.015887552729110615,0.03606578403952594,0.01049282403357147,-0.010922354540968276,0.015977583439587443,0.00842748521932175,-0.0089199740401399,0.04611578751710927,-0.03403245624719641,-0.04654980191384817,-0.04460393054116846,0.05714309353124061,-0.012087361880717393,0.04686393238062022,-0.056705216860341225,-0.031319486413269586,0.0610624124005832,0.15382416573992697,0.023172435146992604,0.0412345787320957,0.019526045507251493,0.11154532533477994,0.10438633767295662,-0.20660533457950406,0.003605879481491691,-0.0007979545755069283,-0.04405153445528163,-0.22508475506939563,0.03815169780230609,-0.03664997345928866,0.1964576136260869,-0.23922865839260027,-0.07038862108492228,-0.025613795937137234,0.05430829774459798,-0.04382076995297112,-0.14339294321851345,-0.03443549662959819,-0.03309480245265287,-0.14277734927886504,-0.020379468903963888,0.018775399088203245,0.015312981111484648,-0.0031519925623373847,-0.033459606672919626,0.0947402232071754,-0.004224599270311528,-0.060930685210830705,-0.06457644778290343,-0.05395024060016859,-0.03610032255556507,-0.055985769987733455
chronological_markers,-0.015276496212368842,-0.036715426291643025,-0.03489545418995944,-0.05473235212629817,0.033781086662097934,-0.04588732926295993,-0.03867403781937221,1.0,0.0015230244072232575,-0.015984731716772935,0.092900889827245,-0.024811338275843083,-0.04223594915939361,-0.034180733669636455,-0.017731879655261136,-0.005884169140073386,0.006871578317591533,-0.017087988873436093,-0.001777416745167504,0.029511204677273577,-0.005870202974300324,-0.01862214080571364,-0.008596387777368509,-0.012141527417573373,-0.018645624347644,0.05607693718731567,0.0037337451288796783,-0.039496672264653136,0.046652137432667745,0.09236394744484075,0.02571165586220253,-0.023063079992424178,-0.0672675994058814,-0.03072360611847033,0.049273504602680346,-0.027310561034562204,-0.03956449359147193,-0.042607696783887254,-0.01374285107282531,-0.034999703716288244,-0.03502375364052479,-0.02875523005636831,-0.03420813698062575,-0.038292975660143495,-0.0029898096351801346,-0.03812770122988098,0.01784372237652348,-0.006621728367066472,-0.050438402546787844,-0.021107037293336017,-0.014947341798478718,-0.0562978285152065,0.0453168051033205,0.011511050503376492,-0.02171228943941116,0.025793040460508836,-0.009715373645625953,-0.05549435266217998,-0.03197388413389237,0.03006944053113653,0.05149204344659869,0.023052583834858097,-0.04606238115305835,0.037065565977316146,-0.10846364498103458,0.0347032406815983,0.1042247042692086,0.02175531475627182,-0.01189583063809675,-0.00622403919496404,-0.008000389832127405,0.0021870433603152274,-0.017063832304480876,0.00918516376501367,-0.01588514331328752,0.027865281618097048,0.021239807362869855,0.05343026833770665,0.050259660043172665,0.014950286131577815,0.02339391990293289,-0.0031462972544082607,0.03451501473014956,-0.03283740286678642,0.045866433893299,0.045173211826526914,0.06208520507240291,0.10443268567444335,0.10520458449895492,0.30918961923407046,0.19222896783137894,-0.008812479196278148
evidentials,-0.031892047130460364,-0.03052324084658551,-0.02896708112067864,0.003810773738398273,-0.051308828371838325,-0.0372029144419584,-0.02407210944174584,0.0015230244072232575,1.0,-0.04410272250955658,-0.02599428672502577,-0.04915367913800659,-0.05446435576333771,0.02530915752602332,-0.026046239933668953,0.03239357035324484,-0.011615247178563227,-0.011903754050905149,-0.01913829129786812,-0.019184674581008036,0.006353305499912726,-0.0036083129020832837,-0.005988375026804728,-0.008457973448577778,-0.01298882671353781,0.1813195064375654,0.005146965056861545,-0.05038572759018384,0.052497785208496704,0.11990765080571394,0.08193606195310411,0.022303455332909762,0.051459551828855636,0.044196817070530275,0.06987599495604677,0.0024173757558924344,0.06311039886300919,-0.03827818628990753,-0.04510270399387277,0.05130053413954372,0.07592447289488774,-0.030628766209929718,-0.02980335856919676,0.01040598749249254,-0.0024514935069537445,-0.0060399128650577335,-0.006679056965049643,-0.004324211155664349,0.06829756929383281,0.034299074069782526,0.002845582808563307,-0.07446148111741635,-0.04344394300062573,-0.015368746394258583,0.010992779178231958,0.02673102404394007,-0.014753186716185744,-0.0022292080966840773,-0.018896214631707754,-0.022274916889474115,-0.0755401215722797,-0.08676489492695993,-0.02673715104055862,0.12193255656970796,-0.06533414749266969,-0.03549288293389546,0.07711562953093806,0.10958692307246178,-0.015299597392000529,0.019869578194098573,-0.07145938036135804,0.08910343939601828,0.0479824000187247,0.05909228100633458,-0.010265301758687442,0.0317044371273771,0.15903291594015928,-0.04435715217587281,-0.044591896927414734,0.15986583424269854,-0.04588277079827604,-0.021618923092965318,-0.053654480663377364,-0.014564095334894642,0.06986047288557355,-0.047295845969451335,-0.03950279389859565,0.052322126095526514,0.06139181490948966,-0.017194044032518733,0.004315241768945021,0.008025243068741418
deontic_modal_words,-0.059291448002782965,-0.001668215799928705,0.03771743266537137,-0.009642074495915524,0.15750615745888438,0.04482319585005116,0.05013189316281929,-0.015984731716772935,-0.04410272250955658,1.0,-0.03291556414369609,-0.03487866734526495,0.1292362209991546,0.004052227015851847,-0.02358593559007619,-0.027355560761431495,-0.03574695553476185,-0.01117759186454172,-0.0119975495362543,0.0508531257620865,0.012464566916161218,-0.014088147372670664,-0.008916008253612351,-0.012592958981159825,-0.019338883363895925,-0.00358195925820526,0.23051407539906507,0.08096433552470433,0.092726104245264,-0.07681713240356854,0.03295721197851085,-0.04896186161331237,0.22210626684279722,0.07562924966129526,-0.012027162391365807,0.13823736181370977,0.10536954199531827,0.19925636661447957,0.17648069407302247,0.05570911831839761,0.06605674047486083,0.2265433960161595,0.11751207223827417,0.08003823611388217,0.20461365537873383,0.10165566488307524,0.2000243004883292,0.22968398159383704,0.051718489038221786,0.05702733419093455,0.1506017324742185,0.01389026801869177,-0.010754741731116626,0.006217920003402859,0.06633614551913813,0.09999918743899497,0.04953799823636528,0.06523350530618592,0.18752226172150735,0.0440452820868961,-0.05654355899270331,0.00951006030209265,0.030151358380045352,-0.028074148756465092,0.06976701295805865,-0.012228823430448798,-0.06399091277981833,-0.044741985507046805,0.01846401495031921,-0.03070180818856162,0.06871247490992755,-0.09575852522338353,0.08664504858256579,-0.019719973603716832,0.0055892043501362424,0.012068095241382738,-0.010113177662077463,-0.0679447860805205,-0.0682482701887611,-0.017177107822488654,-0.05532207351888784,0.06495827925816113,-0.07397812864168683,0.2193728330831577,0.05600802792979842,-0.0002520728393402763,-0.04259929590056977,-0.04127162959040645,-0.05423792822385404,-0.027882224106528655,-0.025318416397933783,0.042373007145305466
frame_markers,0.08147332977691692,-0.003955426415700535,-0.02311008040142071,0.013822788278123294,-0.011218204654059937,-0.026225622947517138,0.028619936524782032,0.092900889827245,-0.02599428672502577,-0.03291556414369609,1.0,-0.04686285058409364,0.04340861029886727,-0.0159951154941353,-0.026621017557909427,-0.022943386869235936,-0.03384412019589926,-0.013842506500234601,-0.015824248468791585,-0.022309263233836453,-0.0036275172752824013,-0.015085280489156897,-0.006963695644239555,-0.009835515077014462,0.04248662569159518,-0.08183385256597277,0.033552802384618836,0.05693384050070552,-0.03405850484010384,-0.0658883820508061,-0.06649511192552156,0.0910918362938648,0.0012588242259669094,-0.01566077471562582,0.016958779948021727,-0.03848488148506893,-0.019537404747275486,0.02361547519498512,0.02961797202653299,-0.04023165321768822,-0.02216507726676811,0.07205967251859222,-0.00011496236648973698,-0.002456108889597826,0.021055279232323733,-0.022997442582217333,0.01252251389505243,0.007204284717076936,-0.07365220165543432,-0.013951706981536633,-0.012506168649218828,0.02983301074117482,-0.0076139877897017025,0.0018783527076752897,0.04750222986445567,0.05306523089165459,0.06327086373890072,-0.001411402667228632,0.0013942994259205956,0.01982183714838005,-0.036483166154000476,-0.020437168361259677,0.08755765281501386,-0.035398261883974554,0.03287959783896665,-0.014468715646434876,-0.05122054034089991,-0.04486233795179684,0.021402262031030655,-0.015245407615554643,-0.0027329988821929645,-0.03434680864028938,0.026310190832382563,-0.021724762294169867,-0.045675551764852856,-0.028053480712019307,-0.06720304942575554,-0.030647679322885,-0.03142719857987369,-0.06442265992140275,-0.025984197042285665,-0.010367648733878144,0.016037151959748124,-0.015608643976193317,-0.04705397948203654,-0.01751832016143509,-0.024553346021213875,0.04625071283502803,-0.013406497615201489,0.0072477676920308836,-0.006819594419853623,-0.0607564792146481
situation_dependent_references,0.0931906193033387,-0.04393545272249158,-0.015057588372073572,-0.04739692148948898,-0.04500820075980941,-0.003576760250769829,-0.03597233692132723,-0.024811338275843083,-0.04915367913800659,-0.03487866734526495,-0.04686285058409364,1.0,-0.016332059361583988,-0.018095997185209666,-0.01955914080887021,0.04182184652865347,0.003101514663235056,-0.0177710747191853,0.06916409541339225,-0.0031772532197949293,-0.017228169742991697,0.2269296349546094,-0.00894002510407698,-0.012626880350920251,-0.019390976078112018,-0.16267742167766638,-0.06296941396952817,-0.03847608542057365,0.06040049431134952,-0.10463920167821308,-0.04322158505037058,0.042008517163224214,-0.1133693895063341,-0.13571455960593967,-0.008166542840207338,0.008287446798017939,-0.04451118756450074,-0.0324196895583149,-0.005481905196975697,-0.021978263020079027,-0.04555842035898772,0.046848313948323485,-0.06296915837281657,-0.07044753624460383,-0.0020867104857417037,-0.07046353053779505,-0.037406957049756336,0.007141602863804984,-0.07848241483723815,-0.04187156723913666,-0.11792210052215897,0.058331844276065914,0.08109477719140133,-0.03405741033900074,-0.07409801635787942,-0.09654301080693434,-0.050305885852705554,-0.08418600616468838,-0.06638266411661023,-0.0039028850440561884,0.09508109524954528,0.06998298784127847,0.0359591523177874,-0.017225536363107936,-0.07574193779532382,0.07136745529490197,0.060526222328499885,-0.1434318210745562,0.11406450512791445,-0.11340078766120239,0.09156499656179935,-0.08560189176984712,-0.10504781093061878,0.0305732043173939,0.02024031071198597,-0.05372375786640099,-0.2040999192624862,0.1377778764283527,0.14438839961456784,-0.21644954489353185,0.11135571627265861,0.03189827358719678,0.10069887137791647,-0.07467753232251777,0.018247703529512098,0.021302387479822958,0.13176764618385653,-0.06454306211761224,-0.05526958628168583,-0.02218795781854746,-0.10575423314913775,-0.07261870443092232
self_mentions,0.04671650443319499,0.23007832241136808,0.020758024460027,0.02379190099412151,0.15629765813935886,0.02435516157889587,0.04781841497688915,-0.04223594915939361,-0.05446435576333771,0.1292362209991546,0.04340861029886727,-0.016332059361583988,1.0,0.02064525674083101,0.07244540946992571,-0.08077530815932854,-0.03811688543226541,-0.02168609551307894,0.009043734731928038,-0.03495037645871414,-0.02966469383167407,-0.02363306338515341,-0.010909539313738545,0.08930750863040665,-0.023662865975561144,-0.2264493482757634,0.013179657000065658,0.47085220925148946,0.13274728502416733,-0.18005189809724426,0.022223266549946344,-0.01612977865382475,0.022350940408264717,-0.07717335234055572,0.2223530712026052,0.0437967867886614,-0.04907771647832114,0.11317559674224523,0.17361804138191844,-0.0008155141687634936,0.057109290340662894,0.25046104987429857,0.18562412426284017,0.1459404967811128,0.10518270804448611,0.03228420861862087,0.025116471222087676,0.18611176933079274,-0.01035463564490574,0.04270276488316269,0.027823685955778818,0.1061147306566502,0.01697171427126823,0.04906285380272396,0.03336042138967824,0.10763384970687774,0.08574172755712589,0.04495335664397839,0.15693500288479548,0.38282935393337225,0.00831874163994088,0.11476755954098464,0.06857573355656081,-0.1670759218746186,-0.00935543714893503,0.02083775513257893,-0.024178827116387736,-0.2799296618296084,0.05213526906688529,-0.07155080359960002,0.2496142649790668,-0.5535685524871519,0.06833718712461805,0.002882562218954308,-0.00827289048661661,-0.09669254122220118,-0.269982591426392,0.01976925422344724,0.015180571761749195,-0.2845709376535552,-0.0001179473913242219,0.05213959408680724,-0.039343414759809785,0.13082055420052904,0.07273532068944327,0.11822608989126544,0.02850004059236261,-0.09701983860322153,-0.08649350314489415,-0.054040449862168966,-0.07303137161575339,-0.06403618286250681
adverbs_of_degree,-0.001984178275359223,0.014157460512720432,0.012185877680573878,0.08098657881121335,-0.047576281663179995,0.018724740029460892,-0.009989908850934908,-0.034180733669636455,0.02530915752602332,0.004052227015851847,-0.0159951154941353,-0.018095997185209666,0.02064525674083101,1.0,-0.005748555367445761,-0.047239700195177384,-0.00757110252552632,-0.01452696623906056,-0.01933243269384433,-0.023412372160400558,-0.01987162721500034,-0.015831190714559296,-0.007308024129968541,0.08832363898387512,0.02279768645762691,-0.03718338663543631,-0.016222097344195763,0.09415946993732786,0.044829494148020885,-0.028312746487363608,-0.0047596167112868935,0.015882166658460328,0.015615746276411397,0.00425392400600103,0.04327078559432356,-0.02551357772691606,-0.06063784065767271,-0.00046435127905868984,0.024955024981562574,-0.04816864407837938,-0.046337177216935546,-0.047097855545478705,-0.03590871205336767,-0.05520057331855976,-0.054384747467157615,-0.02886834335512754,-0.05375487402373577,-0.05362738139467406,-0.018343724008385486,-0.04252482161763411,-0.07109460094900023,0.05502225555285961,0.011106326662990648,0.0016762115935296002,0.0011739964913113534,-0.002181301991872673,0.06755821519980101,-0.018167281599749913,-0.01713560413527169,0.0034037282310159797,0.025222628464868828,0.05708404168641707,0.05891034014337329,-0.050132671424014216,-0.026249116215692092,-0.004613990081035938,-0.024978411289766824,-0.12638336529988348,0.026930924064782997,-0.03525947794280005,0.10568059156609194,-0.09064013731237319,-0.04843447656724451,-0.05958046156522204,0.040283143491216644,-0.08114338270605952,-0.06859053118049077,0.0006656067678939956,0.0002024707539481959,-0.07070328889275136,0.0003753730324386554,0.06207409988045194,0.002988539841105744,-0.05013848992717137,-0.00215443249514398,-0.014090102387087815,0.003608617064861503,-0.040611690234101445,-0.033845590253662065,-0.05102409488585265,-0.04159904930420555,-0.017136043337704236
code_glosses,0.03158243718304477,-0.02281640978648795,-0.01583199120923066,0.02174595727273546,-0.025004045640543718,0.008670292495950674,0.02130228004464647,-0.017731879655261136,-0.026046239933668953,-0.02358593559007619,-0.026621017557909427,-0.01955914080887021,0.07244540946992571,-0.005748555367445761,1.0,-0.02745920979705665,-0.027025212057696053,-0.008654570353210862,-0.01391440782204739,0.010635173113330272,-0.011838700037904288,0.01156511539854793,-0.004353820882829121,-0.006149331206212208,-0.009443467507582619,0.0033633190805077732,-0.0053318094665074246,0.005114302768492104,0.020919833037293827,0.010240963673399037,-0.017663218868390784,0.03874753597072488,0.01715392991924313,0.016253436259232926,-0.008827563127322564,-0.03207020443678437,-0.03560431904143778,-0.02024471687675069,-0.03573929941041203,-0.04239006388811075,0.007718559228398633,-0.03447313681092031,-0.017650227235627775,0.00928000317016091,-0.03450445908294417,0.0022680698123998364,-0.03772203363118717,-0.05435582284447861,-0.028081244721608722,-0.0198160840849771,-0.05182260065610204,0.04495906340966407,-0.019107882065420984,0.003086528572028134,-0.026962104180551217,-0.04558742799551239,-0.011444366541941836,0.002946804164447373,-0.01438923464418778,-0.015803392378951862,-0.018613515962163433,-0.023674478608935196,0.014868126877088465,0.005855438488500925,-0.01912425639470994,-0.023858695341900413,-0.02858710255365885,-0.061696654155518754,0.00930939822537194,-0.012859243296524643,-0.02682224452453688,-0.03816661260249995,-0.0024701205646841663,-0.004331086824347584,-0.04995635697069428,-0.02164833289466408,0.0022313301791405888,-0.03024597435445593,-0.03046512825321583,0.009143501834504793,-0.03209373124348508,0.05350953198944655,-0.021491147212656915,-0.03226826036326664,-0.04016627100397853,-0.012283143043044042,-0.020879646631627325,0.019059372261466992,-0.02473794682110853,-0.0129734367991325,0.012593042557396676,0.0061928521451511355
explicit_references,0.08552206593811768,-0.08420740271492502,-0.029844895013009413,-0.08043415942141957,-0.07587056164131846,-0.05372363620287245,0.22111992186966162,-0.005884169140073386,0.03239357035324484,-0.027355560761431495,-0.022943386869235936,0.04182184652865347,-0.08077530815932854,-0.047239700195177384,-0.02745920979705665,1.0,0.015684897462464667,-0.02558147258240337,-0.028463690790488737,-0.03757475298773792,0.05273653943585205,-0.015685618032781654,-0.012869171431654869,-0.018176401742863314,0.0030730870484164357,-0.017992732273230252,-0.08084609491137361,-0.10424776518331874,0.08046627156031773,-0.042491519964321524,-0.016547295145126126,0.06538696062128843,-0.10137498058808411,-0.10810931358360842,-0.024440222249450857,0.07612347630616134,0.10521470533800902,-0.06628291805299708,-0.060623478361003194,0.19431911760365222,0.1761554507352821,-0.05346631022427526,0.007160697830298037,-0.013712105124035912,-0.03956510785886404,-0.008914112529805814,-0.06919884650310365,-0.02896375217948433,0.05529020906301688,0.057485744197333974,-0.04677603360832377,-0.06173570523700347,-0.05698709020803461,-0.008205267742745458,0.02450058923228857,-0.03039926493329368,-0.07648785385194447,-0.022355699672124352,-0.018131197304879606,-0.061257160882307884,-0.08546474497602853,-0.09288499108818561,-0.008050020845219965,0.07480806033015353,-0.09871971896978873,-0.052650544071925896,0.10092852884369251,0.08571420189761977,0.08585426011704607,-0.057486975875646995,-0.04909288689082633,0.06489224350386562,-0.04178097535709985,0.12945138365670572,0.0806009724999989,0.2746125425632552,-0.040413555702151896,-0.007395464307253512,-0.0021016908282510626,-0.04447310577003657,-0.009839918101974007,-0.10295494137672745,-0.01889948160257113,-0.039761753492785906,0.08759095288229109,-0.0375527900858298,-0.08693338568750522,0.015214777702286493,0.012995928587525782,-0.03267537538482867,-0.08137027979218815,-0.09473697082684078
place_time_svo,-0.0012962450499855325,-0.060839089800079106,-0.002559019858326308,-0.0024869425340928214,-0.0034997386424767763,-0.02973268971112917,-0.038451552654843575,0.006871578317591533,-0.011615247178563227,-0.03574695553476185,-0.03384412019589926,0.003101514663235056,-0.03811688543226541,-0.00757110252552632,-0.027025212057696053,0.015684897462464667,1.0,-0.01235116770511353,0.004952311493592303,-0.010412831145428325,-0.016895323928407507,-0.01346004996978662,-0.006213453665195227,-0.008775874237828213,-0.013477023831768879,0.10734902896815599,-0.04414085300283505,-0.027000219123008755,0.060741150957467197,0.1474508616798165,0.07235433792114081,-0.05357825941236164,-0.06637405580843893,-0.020822566163933638,0.031452466260591366,-0.030634222392969018,-0.05002530223963006,-0.048220980293568264,-0.049144285145369615,-0.02126696775249074,-0.056980688807455736,-0.022289096264073344,-0.03840959125336916,-0.0441860485017126,-0.0265938590591048,-0.03597597218434165,-0.030928021079088416,-0.039409141783199673,-0.01011797527223599,-0.05200926405577186,-0.025184574476958866,-0.0869488683878232,-0.01587212571090434,-0.018813182638475718,0.03954399266851469,-0.017640768834558108,-0.03131877728181017,-0.05442849501869533,-0.03683839078086253,0.03987749060763528,0.01586374991067141,-0.01424656293165248,-0.08372545221823413,0.08642399875508941,-0.11240946463398145,-0.029148004250371378,0.12147632048803791,0.008849349940847828,-0.035713968027563645,-0.007152078862447492,-0.03801876959662031,0.02497489426084371,-0.02040310589596825,0.03112681286875338,-0.007636591810929131,0.03620240614438995,0.04907455056717519,0.0797897131163727,0.07498349459968898,0.045655236990688915,0.06274739675247078,-0.06446849047474434,0.02103419335286631,-0.061023684362713285,0.06568169234930407,0.0037476403918748455,-0.0015465836992394908,0.1959755466886667,0.28844992307975453,0.21031044397968804,0.09626124104263434,-0.008811832791941454
pleonasms,0.023901931670625615,-0.018329441734355217,-0.009625099136171787,-0.021991958115883267,-0.019176333968389053,-0.015115241319659363,0.00023573523980944597,-0.017087988873436093,-0.011903754050905149,-0.01117759186454172,-0.013842506500234601,-0.0177710747191853,-0.02168609551307894,-0.01452696623906056,-0.008654570353210862,-0.02558147258240337,-0.01235116770511353,1.0,-0.006359216873508674,-0.006374628978602141,-0.005410568815020639,-0.004310454592273175,-0.001989800182401686,-0.0028103913057209943,-0.004315890312162341,-0.015433014584299224,0.013660229025365633,0.01574306615269778,-0.08756081039664666,0.004791628089741563,-0.051626229650243764,0.022769328099399692,0.06528411243037263,0.009290253141889145,-0.018435459944410326,0.00453686460277286,-0.004362534430841611,0.04317017680349184,0.06200660621575181,-0.01577871748781801,-0.008476723225775612,0.005620411141216877,0.13056933829108958,0.09720915926610002,-0.0059297726327937166,0.10391449214007543,0.015188380813631054,-0.00807021142781791,0.021323353485583504,0.011854805707667742,0.0098287551703643,0.03597080955888805,0.07865233054906898,0.06070368372602854,0.017247589217177936,0.005131329004694377,0.010423988506331115,0.045409000625661625,0.11160593273448993,-0.017859558853520034,0.029707016131691185,0.03835263769034534,0.03839395690657964,-0.05957288405063985,0.06006166975030667,0.08017685933524779,-0.061357592870517036,-0.021229270315095635,-0.014814967567041683,0.008762518618237477,0.04903656876631289,-0.01756284367109935,0.013411733385716895,-0.030736585436693793,-0.022056951216934247,0.008680873060242587,0.007680545885105216,-0.015066312738909913,-0.015136389801654075,0.006472752699716483,-0.02030086729912577,0.03883758659813379,-0.01782815787801816,0.06902604196810007,-0.07005761611096982,0.021863263728909534,0.02928066340546497,-0.030681923735107766,-0.017326511052411675,-0.020496187703156248,-0.010824525475219135,-0.03388038764520588
figurative_language,0.004718815573831211,-0.005381309872604313,-0.015474777977700827,0.013214134610492756,-0.0232789549192255,-0.024301568242769387,-0.02121036075487851,-0.001777416745167504,-0.01913829129786812,-0.0119975495362543,-0.015824248468791585,0.06916409541339225,0.009043734731928038,-0.01933243269384433,-0.01391440782204739,-0.028463690790488737,0.004952311493592303,-0.006359216873508674,1.0,-0.010248826192695296,0.10209567917532535,-0.00693014449562526,-0.0031991063787527537,-0.004518413875141718,-0.0069388837883061875,-0.06134501155896614,-0.021744283304913577,0.027658839748129254,0.014361162208655309,0.014160403652073222,-0.04876827800146156,0.0012515492417438335,0.02558561362974471,-0.028161524134008263,-0.012135804452839676,-0.009811555660510353,0.04053003230683108,0.03776259862763849,0.09502158115922053,-0.028248213858916214,-0.025489097375635306,-0.013830462518433563,0.006173520526103565,-0.03346654970220836,-0.0032782269322172387,0.0014043630374734105,0.03764205270952271,-0.020330844561031756,-0.03576051584613221,-0.030525937398251015,-0.05102591813679705,0.12270129322219996,0.26221944187693536,-0.018318777198873547,-0.012449253830911082,-0.0370042631496441,-0.018752266811393182,-0.009580054113365629,-0.00853675838438424,0.06832178168644332,0.23299521615286628,0.21355159268610133,0.003846303881236171,-0.14459580206015474,0.06882525483150655,0.31150654202911904,-0.03564634932507622,-0.022256756617659555,-0.03729711485962513,0.015097582496506154,0.20942329718616554,-0.09026655054435029,0.0016690750073087054,-0.08544976894467095,-0.016397954505517766,0.07247280845314617,-0.06701606263183288,0.08200514059620524,0.08193451961870621,-0.08474786844140707,0.07719045496399074,0.08229633963352764,0.10477281150167375,0.005176876605218531,-0.012074772472765703,0.18116354516718194,0.17493812421619354,0.031099866204113286,-0.012288025275363051,0.016052759716855776,0.01232420465112245,0.0026128043180808636
endophoric_markers,0.008178505177887024,-0.027273498154701883,0.02996519574314815,-0.0082246638505123,-0.018036088193299736,-0.02436046516846692,-0.02126176587527733,0.029511204677273577,-0.019184674581008036,0.0508531257620865,-0.022309263233836453,-0.0031772532197949293,-0.03495037645871414,-0.023412372160400558,0.010635173113330272,-0.03757475298773792,-0.010412831145428325,-0.006374628978602141,-0.010248826192695296,1.0,-0.00871993839678067,-0.0069469402925612786,-0.0032068596862268165,-0.004529364636986249,-0.006955700765664237,0.039413004022287104,0.04170163214687417,-0.04357708968962216,0.04830547411503369,0.031540538392209834,0.053131141161359745,0.05827988916016276,-0.008650691345868336,-0.0205439805462959,-0.029711492548674428,0.004504980787847798,0.02384413443238238,-0.013703655065246179,-0.03240300721017182,-0.005032704074056943,0.00248425244319016,-0.00723640389987722,-0.025222049437983774,-0.029620722102435548,-0.006390531240187338,-0.034033583746306446,-0.02974188050914105,0.01717156504930988,-0.01442232182504645,-0.009345698881998637,0.007636040104832748,-0.06897300368251222,-0.041931014535440514,-0.0064532707727769385,0.0012647696106018467,-0.021110024954373904,0.00704635037058447,0.010301656225195077,-0.0032005935702942695,-0.02878334207006661,-0.07311163011132828,-0.07621511910283287,-0.0054777326915169825,0.08239021056070768,-0.04150507110584542,-0.03835004270825527,0.05351172533580843,0.060875495204088775,0.018320670334697715,-0.017027154025351238,-0.0621333648949035,0.06941763561938492,-0.0019790569137210657,0.06277214623517012,0.032296101120904065,-0.0371240929577091,0.03755648758871921,-0.041549059027415486,-0.04378045868967444,0.039701796939773784,-0.03271787464529649,0.01288007179471295,-0.028732734715953417,-0.023189814862889298,0.019421829824506145,-0.08015339468790361,-0.04426859108103205,0.032026603168945844,0.02613041769962021,-0.0023658581837954526,-0.006390840918078042,0.012193846637944034
