,avg_labeled_utterance,self_mentions,code_glosses,transitions,frame_markers,situation_dependent_references,place_time_svo,explicit_references,adverbs_of_degree,chronological_markers,engagement_markers,deontic_modal_words,boosters,causal_markers,idioms,attitude_markers,hedges,evidentials,figurative_language,negative_connotations,endophoric_markers,pleonasms,emotional_self_disclosures,positive_connotations,transitions_chronological_markers,slang_and_colloquialisms,informativeness,constructive_feedback,author_revelation,comprehensibility,detail_level,explicitness,context_dependence,persuasiveness,logical_reasoning,anecdotal_reasoning,right_wrong,tradition,supportiveness,empathy,status_suggestion,status_appropriateness,personal_choice,group_harmony,shared_responsibility,self-reliance,group_wellbeing,self_growth,self_responsibility,ext_responsibility,other_reliance,accomplish_tasks,implied_meaning,creative_text,repetitive,point_faults,tactful,critique,challenge,conflict,build_connection,vividness,expressfulness,vagueness,matter_of_factness,abstractness,figurativeness,concreteness,formality,conciseness,verbosity,emotionality,impersonality,politeness,directness,bluntness,cultural-relatedness,exposition,narrative,narrative_mode,expository_mode,storytelling,indirect,suspensefulness,prosociality,clarity,engagement,showing,context-first,setting-first,chronological,transition_level,causal_level
avg_labeled_utterance,1.0,0.11441612134659618,0.04884695456641095,0.1498455729363208,0.10950295187672333,0.02644716186409093,0.02274508029722696,-0.049989430640201823,-0.006528579391776808,0.017182162928135673,0.0928131190641948,0.001409660289124736,0.10700152880843047,0.11529015794868826,-0.03829951365942573,0.0694393173274776,0.18783044807177177,-0.018506175027557612,-0.011222130826566808,-0.01448284641720825,0.016169827751396488,0.025327134946177703,-0.01757542239652432,-0.01244460845878985,0.009191163162617927,-0.01248610844733012,-0.48523467523235986,-0.04805484982110809,0.07049499723481316,-0.5501725321929805,-0.36860553815193603,-0.6667160578402709,0.6581065686306489,-0.05638877983630539,-0.07418608423495084,0.01842664758732219,-0.1090720852610098,-0.030350233727156638,0.02694077540135528,0.017762859270883946,-0.09857473881781235,-0.13546408557422246,0.022373039686048677,-0.05237981692762933,-0.013697816019937087,-0.0038797363247405777,-0.07343970458837483,0.034876177049606154,-0.07237652997947432,-0.042370295606268246,-0.028886021783664846,-0.11112965505474054,0.5384430484734567,0.09598869205093802,-0.026849429074219628,0.14511423502137907,-0.12456217127312355,0.20832372663991297,-0.018841914760401028,0.03521602851919035,0.04549409373708667,-0.032971745750802715,0.005390067584957296,0.6533542267313547,-0.5220191705054223,0.39328222606402957,0.09701781071818485,-0.4752086478713954,-0.363377099472989,-0.232082409111377,-0.02100419976365468,0.03835976635268687,-0.20914442532257874,-0.15048156533288123,-0.5681261775496481,-0.32517891929851245,0.04229139097801559,-0.36733688326135217,-0.03803930227735913,-0.04079503884451595,-0.36769919964480685,-0.06173345769527388,0.595010532060074,0.22804272436195921,-0.08099541262919696,-0.6700875116903384,0.02532619674951302,0.01456308591186138,0.33233196938920323,0.08930284933110155,0.05403482379454515,0.15546869810128722,0.017339268086526187
self_mentions,0.11441612134659618,1.0,0.03471555578117246,0.058673463243494574,0.0836612644476216,-0.030719754959447513,-0.008945996996574746,-0.0631135358215437,0.03258809869723116,-0.02622650860709981,0.08733623617163565,0.06466501565463396,0.1381687957913455,0.047058104875812135,-0.013430452764380024,-0.02574521988810657,0.14164783271130518,-0.046484993041220175,-0.03692882012323887,-0.04121631049643784,-0.007654909696265924,-0.009447148161726477,0.07985398332487638,-0.023970222311963184,-0.018686214875659923,0.017750643272901295,-0.247238544752167,0.020182289776800526,0.4975665519146348,0.022901860689155253,-0.18812565630080327,-0.11484006384985194,0.09632643344497364,-0.03445243570918603,-0.11762059079412049,0.27123595470789996,-0.021995476194514425,-0.06282489783873703,0.08010398419840896,0.13747480942137233,-0.03515891879715749,-0.0038898472916751668,0.2653317520793185,0.14637160467082927,0.15457570600669218,0.1422800779984244,0.023846316991501124,0.09030628827510442,0.14848396686144258,-0.030015587865877227,0.048780448699432974,0.030333635715395317,0.1465803777798212,-0.017952618585582284,-0.003872369757941843,0.07185349112576499,0.07177285383541764,0.0814067143051268,0.026025308367186188,0.10217711119692169,0.39742664869227795,-0.04141911677112475,0.11268107322074006,0.12549977922142277,-0.23684201179762054,0.04710831087193393,0.014777631382368614,-0.12234850133218722,-0.3327023560268373,-0.02791711572202289,-0.0321384971436743,0.2444017125877382,-0.5862537602785581,0.013638151319429508,-0.13907937272714066,-0.12752810142354376,-0.08568148291684449,-0.31049126976858443,0.04287937588247549,0.04026495166468144,-0.30797864287773913,0.009444720017856458,0.1415460330861649,0.11143086173815116,0.11087920213453856,-0.04904235153029841,0.15033799334826078,0.021428768283457262,0.045187101383115096,-0.04292032621304569,0.020189619129537012,0.027010764901803395,-0.0163608868312266
code_glosses,0.04884695456641095,0.03471555578117246,1.0,0.007509928307298318,-0.02163597592794872,-0.052025434403359896,-0.017543434151896273,-0.046737577802927525,-0.03686665677941224,-0.03268970604541291,0.03688157903357828,-0.03525453373343426,0.11269903423146373,-0.04287002879908314,0.013484669413892848,0.011715037830514495,0.038005039158650944,-0.021669295448287818,-0.004760735772884189,-0.012875720363420379,-0.016578591037043802,-0.012127502686290592,-0.008216794590448091,-0.012925812912781652,-0.005837457901783236,-0.005837457901783226,-0.05218160354890777,0.03219600652296341,0.020220198236811093,-0.056144833498380994,-0.05031847524633721,-0.04499038378570893,0.03459040633312454,-0.014908566063649454,0.011660705122349369,-0.02036990110685613,-0.0022523840279629476,-0.024216067128834753,-0.008294454384590647,-0.017454969743139585,-0.054850078497686285,-0.0429306608496261,0.03889322036215057,0.018375067217986932,-0.03545454126483565,0.047559950248634325,-0.009210096047841721,0.04434307630206064,0.056596346658134504,-0.06085501094549723,-0.055348279577274166,-0.029067081197507737,0.00894320990831459,-0.007618866737710362,0.006841994148654424,-0.037153112804271984,-0.0021147669807963228,0.019637357081248117,-0.027808946997733952,-0.008540682519584918,-0.015305043536255903,-0.0015599258155877787,-0.013753962477144291,0.03791582909535305,-0.0466293345052622,0.044317460752654476,-0.0067355425702538664,-0.045571329602817706,-0.08363041910593981,-0.08544103379903537,0.07290740043720537,-0.020977959721870578,-0.05532613021522347,0.003041732069160032,-0.07556464140707156,-0.024766514667706845,-0.04533381043020758,-0.04060774668193841,-0.039575391600867364,-0.046087241532905034,-0.031877315092962176,-0.050238778220069655,0.06425370874138069,0.007944450444935483,-0.00498935625689022,-0.058988648910045335,-0.023527209256482346,-0.009763566348073537,0.023841589298370432,-0.05019659587444153,-0.06766718220868101,0.02849729201320219,-0.004051055759309902
transitions,0.1498455729363208,0.058673463243494574,0.007509928307298318,1.0,-0.020925415116626215,0.003783305475131991,-0.08233464281450045,-0.09585251805454013,0.0947363028254522,-0.06897914069764378,0.03444361479318324,-0.0089512410141669,0.015533393407800876,-0.017661467896896422,-0.030862532865452208,0.018549383858503764,0.07506453826828333,-0.017664196093327058,-0.04241226253983828,-0.011516558104435316,-0.040181015075867375,-0.029393050783485444,0.0653712209669272,0.015588362639351781,0.06506165190621571,-0.014148065021460219,-0.1535971578331301,0.024860436189264437,0.03358473819643351,-0.06121371574812348,-0.13774326363707826,-0.10762574040541129,0.1669187569659199,-0.002247202243794048,-0.03677021651306568,0.04948178904217796,0.009160169780876607,-0.033639866393455,0.042388427387957284,0.0405822623179447,-0.08467130299745677,-0.0854854462042896,0.07898574371859653,-0.03971136820754569,-0.01866593721324698,0.08740795636793304,-0.018453261140895,0.05485611762103453,0.05838453749906981,-0.02367285602730374,-0.05108494862895434,0.002401836977270248,0.059695111014524585,-0.0006028675483660014,-0.011880571806706635,0.0126396433067361,-0.021232759506275532,0.038269001498214716,0.03168271931968951,0.02638587963976866,0.11060760874871078,-0.027158638747215125,0.0019106705943614506,0.13966581385202503,-0.1161170966875018,0.03918925847703808,-0.0160845994984161,-0.07706721653883707,-0.2069271971749421,-0.07122031885492713,-0.019366622898595726,0.029525715922948906,-0.1193710038328551,-0.03737814143870199,-0.08636740558412634,-0.053578409404750296,-0.030962944165536365,-0.1346650917118952,0.0443913798041813,0.05091689038570894,-0.1395642456478612,0.06298965746087454,0.09673637056270176,0.08517657468097399,0.004199163865724875,-0.1060931442163729,0.036170052439354124,0.021009834280436745,0.024121865962051004,-0.07691296521260489,0.04319259269759576,0.2224796926850659,0.00920931285048387
frame_markers,0.10950295187672333,0.0836612644476216,-0.02163597592794872,-0.020925415116626215,1.0,-0.018845309511084558,-0.05841954915694966,0.02106078877663493,-0.03291292684861693,0.10668703341411781,-0.02094858273501629,-0.0454299160309715,0.03246776143948213,-0.0015650367620132304,-0.02610831666225598,-0.031064559373469632,-0.02577886659865263,0.03132270538136705,-0.006206291319969952,-0.02090139926376238,0.028637093483089703,-0.01968680342256009,-0.013338477347736957,-0.020982715442180996,-0.009476055307725276,-0.009476055307725273,-0.09720356727032439,-0.05323946807553153,0.013487413119598304,-0.02969803689992986,-0.08899527733043429,-0.1137926562150312,0.1171752070205801,-0.0645899086141459,-0.03279426398394488,-0.01802222033314925,-0.07479545772759265,-0.03962348085224119,0.025689819494498757,-0.0014765574043483934,-0.09025381302643493,-0.04648149274620152,0.09786404605890558,0.0076310920281806435,-0.029595801814783017,0.022678596710333884,-0.03658989897326328,0.013686276959993846,-0.04062897417333298,-0.08624754730714798,-0.06069522436849488,-0.014045226227246882,0.07236363342622211,-0.026728608691222858,0.009532659607307422,0.0724734292781563,0.04352429612800979,0.027155340761176216,-0.033240106437914495,-3.9799016022955535e-05,0.00827316534672752,-0.0659345398512219,-0.06757891875379837,0.09447857188140175,-0.03725999228528716,0.036206200241647606,-0.022578788102121352,-0.08864952470987386,-0.058256046369820964,-0.03948759515364076,9.387348458053705e-05,-0.04154404926243652,-0.06747969948592424,0.04067804707812713,-0.08224944496538003,-0.12289372628263683,-0.005963269025210165,-0.04339585773109719,-0.002976526760164584,-0.006479402765395304,-0.0406232807085424,-0.004600970857873046,0.10747277324307491,0.08322056256659648,-0.01417090970613724,-0.058104568833162645,-0.00030799119971517205,-0.04833158525372012,0.09087484197783299,0.06840127885791249,0.082123879372622,0.14887046031932188,-0.06344635341341381
situation_dependent_references,0.02644716186409093,-0.030719754959447513,-0.052025434403359896,0.003783305475131991,-0.018845309511084558,1.0,0.003931974652132124,0.07521378372926818,-0.0006326870159164587,-0.016839217986137408,0.015352558387181846,-0.05786113309128093,-0.05051988034852848,-0.02327758471124607,-0.005430315634439758,0.0008339866337710591,-0.04873918930884858,0.06565510222016534,-0.02371773575864077,0.10884625266887965,0.07397646654607572,0.03966330864000755,-0.012557556305234361,-0.01975425108373429,-0.00892126552199484,-0.008921265521994851,-0.08182371034498918,-0.015342141886507881,-0.005388048427723696,0.03388298401518012,-0.03526057950991884,0.024223507104030165,0.0812389791693647,-0.02809875049158289,-0.04241709644917855,0.07121019842170431,0.02787762729681393,-0.021778683135831062,-0.02053398429649802,-0.013204525734466989,0.10802818449599633,0.03861251518886057,0.0507377148585874,-0.028272310920347904,-0.030537962168367027,-0.002172505899696423,-0.05796564555849844,-0.0333288997766143,0.06105632105856784,0.034909748241996406,0.058795518967384025,-0.03658629356803809,0.050411914713714624,-0.012349410165121212,-0.03653536769735857,-0.018589888928521217,-0.03840001193556354,0.009124517573767716,0.051776349803813,0.006737436183429179,0.008095850731651713,0.034212822991847754,0.04326765600747212,0.007171551635050258,0.04610003112071789,-0.062368074008702416,-0.020092132250511794,0.06536738319962498,-0.042707111306441226,0.04833671398770039,-0.020343642733600863,0.0017601390765530508,-0.0457323540958278,-0.028040478810726015,0.039927401079381336,0.02900295854262299,0.044897361324191185,-0.09244489436441745,0.10377029825385693,0.10116274027220906,-0.10209413185797765,0.08793002527057123,-0.017998647361925135,0.030536937608857957,-0.043792230677072726,0.043743549992183564,0.0409367875412315,0.09130249083626683,0.036848079513463125,0.04072765433296679,0.04496113304650629,0.008135072567640988,0.006389555735140754
place_time_svo,0.02274508029722696,-0.008945996996574746,-0.017543434151896273,-0.08233464281450045,-0.05841954915694966,0.003931974652132124,1.0,0.13594512537088937,0.0055671696740580544,0.08037779137827393,-0.07914726279207826,-0.04953375005991806,-0.058790838258403026,-0.05079338833039269,-0.017002642001693807,-0.035821966949959975,-0.06402753185327958,-0.003841617037826833,-0.008681502534790735,-0.013611716665363533,0.13964523250132044,0.03843748948007005,-0.008686479412866014,-0.01366467258314568,-0.006171136119948564,-0.006171136119948574,0.05275490263450659,-0.04759888386161571,-0.043875951468362366,0.007768250184802847,0.044876142843473146,0.0049561067175338544,-0.008970737200917001,-0.07389787061106189,-0.05508004957797496,0.04790908924574991,-0.046801017164366986,0.03684003001670091,-0.06570711745304292,-0.07184450397609682,0.01287797668238665,0.011843748637287693,-0.07825864536200289,-0.05112573857762229,-0.03240599578537676,-0.07463099934114516,-0.06975143047136113,-0.062053945195810783,-0.08417548834617161,-0.06449230133650438,-0.04799702692558019,-0.05108758543229314,-0.051699919779824514,-0.020321417930979444,-0.034485124390262516,-0.0911909101668645,-0.035202171028870556,-0.06705419940945763,-0.05022971183299001,-0.08866267797057606,0.027292118002951726,0.005845193436500839,-0.057140807180506195,-0.025979081596169705,0.09013652669798584,-0.11885323910818255,-0.022225413450601788,0.10221412164465253,0.06381414521176257,0.05340750139968191,-0.01917858097554014,-0.0742105216803392,0.049257730338912,0.012458291632343705,0.026480176593687996,-0.016008312728943867,0.17292089811211045,0.030993682036198445,0.002516430402067045,0.002847625111819348,0.02904661107383072,-0.0006318180894005926,-0.06742091040047697,-0.006396748081873695,-0.08427356855585422,0.03441198548567057,-0.08890371153127843,0.013266487242701594,0.21330211219473913,0.3579599877921934,0.23553164820762448,0.007939861455995728,-0.06751478804504435
explicit_references,-0.049989430640201823,-0.0631135358215437,-0.046737577802927525,-0.09585251805454013,0.02106078877663493,0.07521378372926818,0.13594512537088937,1.0,-0.026211173368067567,0.03167114836978351,-0.08048033587416123,-0.06888328867318297,-0.040325250184443454,0.0046462734445395495,0.016926619533594933,-0.012410244802639425,-0.08240200541654977,0.0644340349011289,0.0019816622851529476,0.027317869430456602,0.02187298559045912,0.002675233385970353,-0.015957117909852932,-0.009866427382899555,-0.011336416288274108,-0.011336416288274084,0.04660857447400447,-0.0725724354424841,-0.0945103350952805,0.10246221318703766,0.06106691008595745,0.1215904639929632,-0.0652593800640809,-0.10976514461920453,-0.10673603936892222,-0.005773713853803092,-0.039235286047568006,0.05182236962931375,-0.056620332731102105,-0.07413785786115372,0.16018852850617554,0.15603906668805836,-0.06511789468579669,0.011098677775402053,-0.0015529892305825303,-0.06209775712027617,-0.02018894601928604,-0.07195458825737301,-0.05647977908639549,-0.02256599482800611,-0.015362993220629114,-0.00931400463101573,-0.12864502032131125,-0.07121588048963007,-0.014479146746186581,-0.00854182891279961,0.007515410371813901,-0.10366914078062033,-0.07621872331426355,-0.1049039208494326,-0.03995362461833904,-0.01802183077168612,-0.08515083886859508,-0.1341421539545688,0.18222053706971517,-0.18690794790747736,-0.07152248451095203,0.1890233692678809,0.06940310162669318,0.08142626648441766,-0.01944572116147451,-0.06035652002354941,0.06292477339097362,-0.0030453750345358424,0.14008461596639052,0.04959692312259883,0.29577268068648305,-0.020323302201402254,0.09504371852559844,0.09621983319271493,-0.04714737472052188,0.09059046465831415,-0.15466212179170882,-0.04713166975514467,-0.03506626691890909,0.1384487437041823,-0.0556414757100799,-0.032530169459713446,-0.01819848182442202,0.09121646527161947,0.05347508128185066,-0.0048873618271209635,-0.09351197038834022
adverbs_of_degree,-0.006528579391776808,0.03258809869723116,-0.03686665677941224,0.0947363028254522,-0.03291292684861693,-0.0006326870159164587,0.0055671696740580544,-0.026211173368067567,1.0,0.013125343465934842,-0.020590692656751217,-0.006610575087704421,0.02055092505439858,-0.025981455315979268,0.028657728352974633,0.008553165540673452,0.06853230177417015,-0.010945217715936512,-0.031388670170732796,-0.01807569813045792,-0.023274007088976076,-0.01702530588164109,0.10749440979737855,-0.018146021015336026,-0.008194968817562933,-0.008194968817562948,-0.07859186822103753,0.0038315278141213744,0.1351860729637621,0.06144619335927296,-0.026026074688997505,0.018289309750622925,0.015666477509948228,0.02749255476683511,-0.051274064909678285,0.07129595727168572,-0.009777052030190454,0.0055515458543704,0.04195539005297666,0.04986295940530962,-0.03938303953437007,-0.056218850713307796,0.08728131038641894,-0.04375714389826035,-0.0665122372117297,0.0389846206192044,-0.05184897847068967,0.07283821923514829,0.02933415828020327,0.025388290399719196,-0.04669475845086096,-0.033186278778101604,0.05474208202165737,-0.00040469649744734944,0.011304834062960572,0.032898014418669734,0.021350851706559593,0.06326245781108747,0.008504590402189937,0.010372049709793121,0.05158320041223117,0.00017710690578230155,0.060955746868292436,0.032389308974786236,-0.05958448866782649,0.02328194530638083,0.0006788392449286655,-0.06389244978590221,-0.10911135485376651,0.0023989774962426807,-0.019535397376668696,0.13937726374900428,-0.11944135882468865,0.037404639796479885,0.0004103514409972059,0.01054309862715839,-0.006608045100321746,-0.1221520485238192,0.00019862021437921403,-0.0020140546655524343,-0.10845073531911203,-0.01926532190391374,0.012632587323475386,-0.03028219365672901,-0.01371427476395833,0.054152533010852856,0.04106445651887817,-0.026752365634868918,-0.04554317484424566,-0.05084840807641629,-0.0311492010145416,-0.01335362695282123,-0.006647453366151599
chronological_markers,0.017182162928135673,-0.02622650860709981,-0.03268970604541291,-0.06897914069764378,0.10668703341411781,-0.016839217986137408,0.08037779137827393,0.03167114836978351,0.013125343465934842,1.0,-0.07368612227616524,-0.04684711291798062,-0.023671849586028585,-0.02825518634069324,-0.026877154074685005,-0.010501487264832295,-0.0630794691430399,-0.033338771758239176,-0.03736436512945943,-0.021516903431801213,0.028747447738638014,-0.020266540186067362,-0.013731268677122101,-0.021600614208117985,-0.009755106076760804,-0.009755106076760809,-0.00966627816330599,-0.04315333946816417,-0.10819635429361961,-0.027108709498409544,0.0369050601894148,-0.03193243218328437,0.02445185645325126,-0.09919165147959849,-0.06167350475758718,0.022865158916114393,-0.08160940964821271,-0.04636385728283584,-0.07212643579574764,-0.07483548709321937,-0.012710493376693567,-0.009718602914549018,-0.02002265974116742,-0.03996420705562999,-0.03357710433853322,-0.017796829334310732,-0.07218269753156077,-0.05954813328809537,-0.003584878282604834,-0.09239415916144157,-0.09918376341579567,-0.008277965522681414,-0.03495123886961615,-0.010970493903386537,-0.0003518716361023995,0.02013729471263837,0.03357761874519371,-0.08473797273758982,-0.09562407472303654,-0.034703003751947806,0.01473485504358552,-0.028516434358698765,-0.06984152710354974,-0.008221844306761003,0.09390511644112962,-0.08809104352905682,-0.029617880241549818,0.055749751068613414,0.05211178912898605,0.01038343434297885,0.0053859847687749846,-0.09800672684562822,0.03760130420256352,0.040409295495287066,0.008775452983955424,-0.028676188543933518,0.012109204034883579,-0.003148184708960146,0.11630615819867873,0.11119556495437521,-0.002120800847641991,0.09010867217929404,-0.03123970221382943,0.05514116843534713,-0.07896017124418665,-0.0015880988926336873,-0.023251990570312256,0.01846243781767189,0.1325564349825085,0.20960120887214004,0.37360288026533345,0.21302567498822633,-0.02430809576411158
engagement_markers,0.0928131190641948,0.08733623617163565,0.03688157903357828,0.03444361479318324,-0.02094858273501629,0.015352558387181846,-0.07914726279207826,-0.08048033587416123,-0.020590692656751217,-0.07368612227616524,1.0,0.18523298363002252,0.05045255047806678,-0.015377136391658705,-0.02942551314309994,-0.04281828870595882,0.09285812519973853,-0.05115990938377965,-0.04286155407648961,0.029522389186365145,-0.024891777603848204,-0.028632307864499433,0.016539062010487545,-0.03051707052071464,-0.013781888663595507,-0.013781888663595492,-0.17316199453970738,0.2046944988321408,0.10218292396752617,0.01924802506716453,-0.21127622723229045,-0.027857020292603667,0.06585624233583529,0.15165422396977746,0.011018562630461769,-0.06708183620296777,0.07511071449707751,-0.019597062372542957,0.23774710303946078,0.24299960004354565,-0.00867586748860002,0.04859949633893097,0.22022605064269876,0.08005380161263005,0.06532320578200514,0.1238004576773512,0.0015561820786390978,0.06092864235285021,0.1599506707591323,-0.08420857279835409,0.04294983274628056,0.0373788619857605,0.11365421406124952,-0.05078353127136651,0.028126231139120945,-0.03301490251397971,0.0546343822371192,0.05932556269192091,0.14151623684699408,0.10255100241278,0.13022325200134074,-0.08103125246526953,0.055228323591570726,0.07962568447006389,-0.2173720713121241,-0.0007994489580615379,-0.034987448337683746,-0.056757151028637376,-0.25231298294385207,0.027106506076243684,-0.02217488052464539,0.148961399928293,-0.3115828413295122,0.02544069203105077,-0.029923696820280208,-0.018927644259414792,-0.07013566733426801,-0.21046162425462409,-0.13459762242542864,-0.13491164551582382,-0.18572172969701903,-0.1114357002095055,0.10642406789003397,0.04252469355833085,0.19106913285764118,-0.002317028905363047,0.20979588252308326,-0.031085648492013254,-0.0365690416313231,-0.04868658833313388,-0.09548718082174301,-0.05725744868829567,-0.002635133274902398
deontic_modal_words,0.001409660289124736,0.06466501565463396,-0.03525453373343426,-0.0089512410141669,-0.0454299160309715,-0.05786113309128093,-0.04953375005991806,-0.06888328867318297,-0.006610575087704421,-0.04684711291798062,0.18523298363002252,1.0,0.013974431322624525,0.008512268976111188,-0.005393052278804383,-0.016459276489507502,0.020983397563626965,-0.036226597036243056,-0.03737938244633799,0.0773325092794208,-0.02771598819910459,-0.02027468562236612,0.10312369091615096,-0.02160929582942239,-0.009759026804936713,-0.009759026804936725,-0.003615139964474577,0.20742798160125964,0.0289564564641384,0.011772888717254338,-0.06910024823607866,0.021114066760465264,-0.016626393098138754,0.21397288664567582,0.039231361361495354,-0.07993156233267575,0.12368872186707153,0.0018449690400870388,0.13263353249000048,0.09940783614098597,0.020954255768606957,0.06600051881418303,0.09795873414118768,0.15168566346890752,0.13167196781095444,0.09428368578737602,0.13841639572619674,0.08316373314027808,0.14438310704772803,0.06180171534840916,0.08624463686569282,0.1271464329953079,-0.03892886599680624,-0.047581265968430146,-0.008473586821950378,-0.0057617250508870035,0.022656335115035724,-0.009676927921007595,0.08671758970947045,0.11525303040125119,-0.017395341920203852,-0.11808670101507537,-0.06508147669498635,0.03251062411143697,-0.03287004214261683,0.05267880720386022,-0.03586660633752573,-0.0703615802120159,-0.009312681632631457,-0.0014294803981815302,-0.02164620270396225,0.0005906106219058819,-0.0600449235560199,0.054124481046980144,0.014590022551412396,0.0357127316186316,-0.045362666734965966,-0.03657609873560374,-0.10657634514376663,-0.10562464673101615,-0.026510368810236495,-0.08553178269254023,-0.005460646283392541,-0.06095971345714194,0.1967685982854754,0.013171489186648457,0.01177845834413908,-0.08753889317145148,-0.023486925555376258,-0.03976466509895188,-0.10714052583893098,-0.03806023917025118,0.058460733287613975
boosters,0.10700152880843047,0.1381687957913455,0.11269903423146373,0.015533393407800876,0.03246776143948213,-0.05051988034852848,-0.058790838258403026,-0.040325250184443454,0.02055092505439858,-0.023671849586028585,0.05045255047806678,0.013974431322624525,1.0,0.001313828107128456,-0.007193489146551771,-0.0002644000126937714,0.05288579633954381,-0.018701075313097816,0.03518140301161068,0.0406256977370699,-0.027083381993065227,-0.01981192413401258,-0.013423250875445839,0.07870697338612463,-0.00953628097038961,-0.009536280970389596,-0.0967166422172734,0.05661989241644083,0.1959750167770127,-5.307931908679563e-05,-0.07882083905251903,-0.05817794297285059,0.04885091931095572,0.06344262982986715,0.009884531692044967,0.04855253408498955,0.05686888379552466,-0.015601743684874464,0.053053097250146265,0.06886535744153331,-0.03453401712533024,-0.06335064440785955,0.08597950655526519,-0.02186187280166833,-0.04790372944913524,0.06537665968958262,-0.04959462183673841,0.10281708322368119,0.031114558295619394,-0.05985906878171803,-0.025384186105513337,-0.04508543835268304,0.10839789821490861,0.035866160735205835,0.021394115806505173,0.0053045282611064,-0.011537713789208523,0.03927411238071609,0.022510344136376637,-0.004006102071007709,0.07799563686290095,-0.0046583681727363,0.08154434006734847,0.06778469448012359,-0.14162517276390418,0.06674328904858463,0.05706664521577591,-0.10803135558294522,-0.16934942372500048,-0.06560951092968408,0.008835250749230854,0.13519502177564954,-0.19103679367921764,-0.02291645393050444,-0.08894092946447646,-0.04842230191830963,-0.06110317757931524,-0.14662301143950804,-0.01712501453438181,-0.020591176447751863,-0.1421841247546671,-0.02869173911555674,0.08469790375141674,0.03375747861481435,0.0012788159337045807,-0.026492315263271313,0.07678480276477803,-0.029261982088159503,0.0021469585328882986,-0.07959041903205347,-0.05949774339076255,0.011871343136635418,-0.002181498121589853
causal_markers,0.11529015794868826,0.047058104875812135,-0.04287002879908314,-0.017661467896896422,-0.0015650367620132304,-0.02327758471124607,-0.05079338833039269,0.0046462734445395495,-0.025981455315979268,-0.02825518634069324,-0.015377136391658705,0.008512268976111188,0.001313828107128456,1.0,-0.016966302989659704,-0.0004333606224243454,-0.016611423839559523,-0.03058423344684095,-0.031557470266771435,0.003979123180262538,-0.023399168639639166,-0.017116863544080277,-0.011597255874734026,-0.018243605591982515,-0.008239039226277741,-0.008239039226277734,-0.04702111255532704,0.005460706754148508,-0.007849664967173473,-0.06292519236021402,-0.0463713478035605,-0.07943406458561596,0.04309183706584613,0.008119865698738103,0.1321829639382137,-0.001700870180699528,-0.06054192076203589,-0.0068751458524204,0.011687852283761428,0.01429205429764911,-0.01985179943419157,-0.018130664185499894,0.011430370689962915,0.003206161392676116,0.03644979136817279,0.05174157523305752,-0.013840312444024111,0.04530487229995777,0.05133872367906828,0.04860860238789114,0.014670984974863696,0.002430685180616821,0.06301451001678618,0.016513403293159534,0.14827528818633492,0.031036119395837086,-0.01873869500804675,0.03574751407920431,-0.0021730417062070908,0.037915147469941214,-0.038267439143003366,0.00205756943323349,0.003172391308303109,0.05609819172868565,-0.05790908849078112,0.08228870601711964,0.021398793208524027,-0.08510412942741136,-0.05393261011850251,-0.14113807745151605,0.08921083140097937,-0.013327862708936091,-0.010525811131630843,-0.005325907777571929,-0.059701566426041436,-0.055396395147245474,0.007954407689057277,0.0025407358828660937,0.004031439187857444,0.002986013118268644,-0.004075907853112825,-0.003646082745418341,0.07606474488762054,0.014069422079214045,-0.01388328419952032,-0.05517450731958059,-0.0035158508357765856,0.028641244142227892,0.04548665612592321,-0.01631678007157478,0.046141517150340754,0.09199756675562079,0.2074031494287812
idioms,-0.03829951365942573,-0.013430452764380024,0.013484669413892848,-0.030862532865452208,-0.02610831666225598,-0.005430315634439758,-0.017002642001693807,0.016926619533594933,0.028657728352974633,-0.026877154074685005,-0.02942551314309994,-0.005393052278804383,-0.007193489146551771,-0.016966302989659704,1.0,-0.016009217292687124,-0.00957312553254124,-0.010237804353794452,0.037446118660304034,-0.006083220670900059,-0.007832666821303383,-0.0057297201978096625,-0.0038820798596370955,-0.00610688723270255,-0.00275794624078054,-0.0027579462407805334,0.06779027878429325,0.06377448377860821,0.06564771784146124,0.05483713586727945,0.009994727157748367,0.06618906011210142,-0.08348753061215357,0.10672337346205858,0.06190060370354334,0.03425712899597057,0.07600456749916792,0.11379178579708886,0.11649528585853176,0.06147014358497477,0.042282377033219916,0.11829131222337444,0.06487172196972506,0.04909052664971024,-0.01416952864166804,0.0056157245975112366,0.03916015189676322,0.05469225642719462,0.09079915076381535,0.12132705673400251,0.06541671747817325,-0.03937417576429781,0.0116174628518844,0.07641296438387966,-0.01458503908377974,-0.01915486348732644,0.021374428032718728,0.050823155396398756,0.030650063721937484,0.05595628891734231,-0.01926174641793229,0.03149459615038486,0.045824068353160295,-0.08732841467906949,0.0020090712370484406,-0.02533739648858668,0.07772557137682859,0.04345419042553033,-0.01002316062118316,0.022292993418400773,-0.011983004039478135,0.04837072561290352,-0.010995494008437409,0.042327883027322544,0.036187247099849135,0.057728469390039616,0.11656985329826244,-0.001579636489657194,0.029362158974513688,0.029400869486353506,0.0006275707618428134,0.016363275860072624,0.005627018918757173,-0.03029893499211818,0.09434766063794034,0.06381545237962113,0.0589501388235903,0.020205502124839406,-0.03528075319618119,-0.03705293496967016,0.005524714634037419,-0.0036786606322836905,0.027826386666879914
attitude_markers,0.0694393173274776,-0.02574521988810657,0.011715037830514495,0.018549383858503764,-0.031064559373469632,0.0008339866337710591,-0.035821966949959975,-0.012410244802639425,0.008553165540673452,-0.010501487264832295,-0.04281828870595882,-0.016459276489507502,-0.0002644000126937714,-0.0004333606224243454,-0.016009217292687124,1.0,-0.05509919770840815,-0.021569488386878152,-0.022255862309626926,-0.01281641581352984,-0.016502231357622337,-0.01207164436785819,-0.008178948684279288,-0.012866277640569641,-0.005810571032264567,-0.005810571032264567,-0.08509842613137834,-0.015717015397930058,0.10247887428723523,0.03355904481522193,-0.03307152832431869,-0.014619174955433389,0.06624966946532347,0.07207321356896072,-0.042916633822806895,-0.013711588027445284,0.10171226975372719,-0.02747375073949315,0.08127820848415744,0.01078940366414041,-0.002716190386035518,-0.013262134425812656,-0.02749443516586478,0.04323877590165243,0.010172908337900279,-0.051085543195863156,0.023094467443218605,-0.0436638031981214,-0.02639836678735141,0.0064241712366159805,-0.0026556102258374903,-0.06876390679918176,0.0772560262908948,0.00296072393054716,-0.021602740038296337,0.003128703840848579,-0.0227908392819992,0.04638384173243031,0.09073744657788481,0.07538712696919561,-0.008366672392917706,0.04836543182416273,0.09845227649712752,0.05188640322247995,-0.0996138851366918,0.05725038488161429,-0.0004962734100439915,-0.07260223564318732,-0.04398253124638761,0.0004863205981268962,-0.022477169727502494,0.16306806979830712,-0.08525533627170366,-0.03907476053333349,-0.04656933933549369,0.029896476367354465,-0.01113599398964834,-0.07145763547601923,-0.038500244291832166,-0.042409362424167776,-0.07307231813183085,-0.019766059412658517,0.031659712614808086,0.016209101585622405,0.025665237213314533,0.004519164298309051,0.09898694508436832,0.003097842889936466,0.006045501285789761,-0.029738222891799313,-0.005132355653517753,0.01192435992069089,-0.0628313433773929
hedges,0.18783044807177177,0.14164783271130518,0.038005039158650944,0.07506453826828333,-0.02577886659865263,-0.04873918930884858,-0.06402753185327958,-0.08240200541654977,0.06853230177417015,-0.0630794691430399,0.09285812519973853,0.020983397563626965,0.05288579633954381,-0.016611423839559523,-0.00957312553254124,-0.05509919770840815,1.0,-0.01507129112624769,-0.018162641342579493,-0.0284342968337129,-0.029806105770634216,-0.026781958717689423,-0.018145685818885097,-0.02854491949228994,-0.012891240726628726,0.052531637919523706,-0.11467760111445405,0.015694920474004927,0.12878281787336865,-0.027697000224033097,-0.10291282828878505,-0.14113842661483184,0.11228296636736955,0.01987225396267362,0.007131060238296088,0.04639729844652481,-0.02691996715995848,-0.0009341640144691332,0.047060158371284265,0.037350528384701015,-0.01695803125242434,-0.041741742865433085,0.0861006391424453,-0.010428889231458176,-0.02739078758699247,-0.0016280852084725236,-0.05373531062826476,-0.019805092491691875,-0.011582356046481394,-0.0026156492790460066,0.013075041621251945,-0.03527779746800191,0.17504578368168083,0.010319854717021322,-0.05152307916022486,0.018432700890349946,0.010014874373906598,0.15440066701099028,-0.00029042918259511745,-0.0015182240434704378,0.0713807842640416,-0.020607047876725036,0.0369057919440622,0.16471785621121207,-0.22993379257484658,0.10891262117118441,0.029209547428657875,-0.15901830296619565,-0.17102480523623204,-0.046332304573464565,0.0008087992523967998,0.06205857964151483,-0.1544157436373731,-0.01731825125648089,-0.21273182710871216,-0.09169474440322548,-0.05230936726393018,-0.14592791380759904,0.026327006274299746,0.02839538109351646,-0.12374394927684096,0.033081346455891905,0.21083444139522398,0.08197782187707364,-0.004527802914404953,-0.10745400847857813,0.07106723226915314,-0.029407588442657416,0.050713050727637446,-0.018490651469651505,-0.03414791062881154,-0.02180172544434281,0.017457730665845054
evidentials,-0.018506175027557612,-0.046484993041220175,-0.021669295448287818,-0.017664196093327058,0.03132270538136705,0.06565510222016534,-0.003841617037826833,0.0644340349011289,-0.010945217715936512,-0.033338771758239176,-0.05115990938377965,-0.036226597036243056,-0.018701075313097816,-0.03058423344684095,-0.010237804353794452,-0.021569488386878152,-0.01507129112624769,1.0,-0.01423249868405676,-0.008196025777958076,-0.010553084073483238,-0.007719748630257536,-0.005230391649916879,-0.008227912135712081,-0.0037158274714231957,-0.003715827471423194,0.012487702229240167,0.01560507196865899,-0.03646466086416257,-0.020451465371412497,0.022959651300615266,-0.003973659159538435,-0.02302554067272015,0.018957135717151786,-0.018372998399261993,0.05182431548254267,-0.011292358024991884,0.08401564460834772,-0.028869701650835328,-0.018560061674111502,-0.024673246627663268,-0.03431617172779162,-0.0445592147019286,-0.01944408488041315,-0.02915717017836527,-0.015722597601595622,-0.01736596491095356,0.010177377509512498,-0.021876502258699783,0.02680591677761888,0.03935589300051551,-0.01309824219190708,0.0016976878515666148,-0.031742894320760655,-0.026734326480808108,0.0043046073960250775,0.00802155540044691,0.02544472765497967,0.0011023009130956864,0.013993481674129057,0.011022010741706991,-0.05074143170653508,-0.04598098971372208,-0.014754895654333671,0.046943055688107124,-0.02778872707263077,-0.03616451990461778,0.01608463166884622,0.09525203037451736,-0.038745683949133816,-0.028561699539522496,-0.043988764215591426,0.0836997032676451,0.02087010849548646,-0.036586114705166,-0.021292898719898305,0.07612183254345528,0.05029160405618728,8.328045032547223e-05,0.00028824564043115956,0.036293086130288324,0.0006032379887372851,0.05444752785982791,-0.04082226597959901,-0.013954900662736813,-0.00037868922616822855,-0.06048674671666192,-0.0632421677721037,0.015567573835073793,-0.013498056284564557,0.013396240753396559,0.017383418395791803,0.002939366609629319
figurative_language,-0.011222130826566808,-0.03692882012323887,-0.004760735772884189,-0.04241226253983828,-0.006206291319969952,-0.02371773575864077,-0.008681502534790735,0.0019816622851529476,-0.031388670170732796,-0.03736436512945943,-0.04286155407648961,-0.03737938244633799,0.03518140301161068,-0.031557470266771435,0.037446118660304034,-0.022255862309626926,-0.018162641342579493,-0.01423249868405676,1.0,-0.008456835782500855,-0.010888899257538385,-0.00796540277165146,-0.0053968306664514635,0.22024631103880077,-0.003834070752491002,0.14938597404710366,-0.057678734939135945,0.0017130130768835293,0.07415045993431793,0.025737004184798556,-0.008456878212495635,0.002183975321300735,-0.06970740926973738,0.024573042566181556,-0.03763359489968515,0.03378306981331888,0.031000130703067473,0.04075901365022607,0.021200572233001338,0.01497584999961321,0.014009927605089414,0.025827634899769848,-0.045339223610601526,0.0019546833894934965,-0.04142268770389644,-0.02666147978569117,-0.0013456728809106793,0.03266159169808498,-0.027682994228485414,0.022747868128370936,-0.023216261897066562,-0.06040657150065799,0.08173632637894195,0.2101191007340049,-0.02758505340624798,-0.012352458389856543,-0.035014374907144,0.00719321769252992,0.022382505253861585,-0.03360013498919306,0.023321954713588694,0.20198453883548947,0.18558165270990665,-0.0847403405070959,-0.07895108672633806,0.003383514882618164,0.2724502834344854,0.004568582984056155,-0.05244938547503066,0.017457611538333077,-0.020757997477020902,0.1254261642807075,-0.07085244884247045,-0.0374448970703417,-0.027126060656666787,0.05607977881384608,-0.005014888520751716,-0.06610475543361144,0.01964554426934908,0.019781318989563645,-0.08391020969926932,-0.0035800334511234457,0.03874671843582149,0.004613292038724019,-0.0004870580130847483,0.03637670737675764,0.11025350370283868,0.13595923847377034,-0.04099140665248726,-0.046958666299053466,-0.03234934443355616,-0.04666459856105345,-0.009868247851173228
