,avg_labeled_utterance,engagement_markers,hedges,attitude_markers,frame_markers,boosters,explicit_references,transitions,self_mentions,causal_markers,chronological_markers,place_time_svo,endophoric_markers,deontic_modal_words,situation_dependent_references,evidentials,code_glosses,adverbs_of_degree,positive_connotations,emotional_self_disclosures,slang_and_colloquialisms,figurative_language,negative_connotations,pleonasms,idioms,informativeness,constructive_feedback,author_revelation,comprehensibility,detail_level,explicitness,context_dependence,persuasiveness,logical_reasoning,anecdotal_reasoning,right_wrong,tradition,supportiveness,empathy,status_suggestion,status_appropriateness,personal_choice,group_harmony,shared_responsibility,self-reliance,group_wellbeing,self_growth,self_responsibility,ext_responsibility,other_reliance,accomplish_tasks,implied_meaning,creative_text,repetitive,point_faults,tactful,critique,challenge,conflict,build_connection,vividness,expressfulness,vagueness,matter_of_factness,abstractness,figurativeness,concreteness,formality,conciseness,verbosity,emotionality,impersonality,politeness,directness,bluntness,cultural-relatedness,exposition,narrative,narrative_mode,expository_mode,storytelling,indirect,suspensefulness,prosociality,clarity,engagement,showing,context-first,setting-first,chronological,transition_level,causal_level
avg_labeled_utterance,1.0,0.14338891249190946,0.10361497138175274,0.03238846510150709,0.11549667846107782,0.11525169033559625,-0.0020329828639437534,0.14717727062045577,0.11290905908398553,0.07826344313452581,0.026779740387444986,-0.01472542249308968,0.028117246640661387,0.015393064805151681,0.06624201748388889,-0.014684275902143698,0.046388590630635156,0.033665737629447724,-0.015131457228728341,0.001012078448886589,0.02784100704426709,0.007969827955044872,-0.009074036613738116,0.014035877346699446,0.011431316228556814,-0.37673303388810814,-0.06022738058328536,0.07605080468381333,-0.3485513693554629,-0.28960084499516237,-0.47284523159077646,0.5139917019063464,-0.04018389868377837,-0.10890670675528356,0.0076447293482530786,-0.004676163021376439,-0.019971640950755352,-0.011228371675632629,0.017921678086181538,-0.006213029417754828,-0.07760948353916937,-0.0004201378070834739,0.005556373261918668,0.016815973838482236,-0.018089638456332914,-0.03170591117418193,-0.03249484599652616,-0.028527417081050506,-0.029401945649447144,-0.01854414139334178,-0.08057072698394517,0.4510763350826063,0.13727751243710057,-0.006546206195148385,0.04032247610470152,-0.13593989757125644,0.11821720854001896,0.03736762118262253,0.006743837334367897,0.023065010738106666,0.046129261662121064,0.10001716783567252,0.47066954975018993,-0.4164334855296817,0.260136217639847,0.14556070862269405,-0.34539574460547484,-0.3202336514908176,-0.04315786656693074,-0.09905489817798244,0.16081726311073075,-0.20479729167793345,-0.16852415992464773,-0.3547387151530455,-0.07519823919437003,0.020766245546156626,-0.33965787734286707,-0.012886884859777197,-0.01438281096756991,-0.3459649966397964,-0.017101231929947214,0.4103748632130333,0.18581477772436117,-0.06529391757446004,-0.4867426407110562,0.08547707895572408,0.05310814004632251,0.10587648738437731,-0.030048491946916205,-0.019538996015242484,-0.01766831767137213,-0.04370792988063371
engagement_markers,0.14338891249190946,1.0,0.04644255071329326,-0.004407438283146431,0.04164045630015704,0.07300678721932412,-0.04932653684372532,0.006336881725481679,0.1466529551792579,-0.009911050606825756,-0.014810586897239937,-0.05701798805686295,-0.019007018194255203,0.17344789370273211,0.015813343709226463,-0.057287355392140554,0.004522632872004969,-0.0171948675238534,-0.021753574329312454,-0.0039329735233222625,0.08699845164438526,-0.021377754024129062,0.0037332346359510286,-0.020553868786969767,-0.007697158819985264,-0.24939714052187764,0.00640393895875406,0.07446498080193435,0.043703310381519415,-0.2589206268007543,-0.03212116450776938,0.07314542426758694,0.07896883054253859,-0.12541655876340604,-0.07029549578993492,0.041356692622984345,-0.05366165931279403,0.15836685856736246,0.190159874992724,0.06622592588760905,0.08235754494629036,0.1968525567229813,0.05257428564109272,0.005877761592616859,0.10770831971032094,-0.01692412597752709,0.08987180302466523,0.1809218790613754,-0.06429544940588301,0.052764119508698845,0.03531168289532978,0.12729238979959953,-0.025755367325417878,0.001591032789761379,0.03390915689169371,-0.03263244176778231,0.006057912465000133,0.07282847559220258,0.0745912551662713,0.03113571769886783,-0.02932181330312555,0.07780221157094826,0.09909493072805141,-0.2204281435672745,-0.01697743925288317,-0.004885254863753927,-0.06579283626132053,-0.28892525767069854,0.14662243242262776,-0.1578749336771731,0.20770938229086952,-0.30773235250153425,-0.10037814852937953,0.050644692650923175,0.0872857963593909,-0.12170794150642807,-0.286862854619587,-0.11894367825782265,-0.1184169559916558,-0.2824510814377705,-0.09163891302798086,0.03867224810672294,0.03955795361736546,0.1151242335140587,-0.008583842169909121,0.18984549580511495,-0.05550024923381691,-0.11136063453597059,-0.11227244452360027,-0.08724812722700602,-0.1179978689127846,-0.08151087436173345
hedges,0.10361497138175274,0.04644255071329326,1.0,-0.0035063479148026632,0.027677464308250584,0.02752294664523918,-0.09921400594005378,0.03795711159686725,0.13816605974489352,-0.007970186660462246,-0.04891012543004861,-0.03133089264555368,-0.022804587641629914,-0.004076369217374469,-0.0477973355854265,-0.03123652644246424,0.0169263318450301,0.019601773687561996,-0.0228210244550162,-0.012640173634359363,-0.0035912050937352315,-0.02056764941498389,-0.02511356168566053,-0.024287675278707434,-0.025438571803396117,-0.0703519303312498,0.03967338748235548,0.10152705266967585,0.022940392496216308,-0.0612630296167868,-0.08871146223072346,0.07773469824937927,0.03773424634235979,0.021104478590227512,0.01362310395328996,-0.01782847131668513,-0.0465769018528246,0.06320265371637447,0.06562215935463118,-0.044110139438592995,-0.0358023027994093,0.08274572242749174,0.03268518465615068,-0.004953051377076786,0.01512212805003951,-0.010883097325838979,0.005402916353731796,0.00305177853664336,-0.02845788865972734,0.0017286943325167132,-0.033207615806684986,0.0993447230298392,-0.02950811717638409,-0.033396010272950416,0.003989065382397873,0.04446889480011426,0.12765424697714964,0.00997974718060333,0.07204738725244271,0.05283134746514154,-0.04176573684207269,0.011464150089837664,0.11365911375667023,-0.1526197916666301,0.034458654949061696,-0.021103509300614342,-0.08472258697300693,-0.13163393024384606,0.00555581361550648,-0.009914792083479153,0.04212445484209606,-0.1310504476696802,0.040272184443353384,-0.15341774624612267,-0.07356707917208977,-0.05481918460162091,-0.08496481664128779,-0.02900088310277323,-0.028060014044008926,-0.08307783622326778,-0.026332776383342683,0.1839485885291586,0.02352992824693408,0.03332904688824177,-0.05269345716537168,0.04124966688896974,-0.012303034021663639,0.024012659755534738,-0.032916056772174775,-0.03866069711457448,-0.0015443480890861112,0.010961603907781226
attitude_markers,0.03238846510150709,-0.004407438283146431,-0.0035063479148026632,1.0,-0.027748459065766822,0.014750528709546356,-0.028340855726955848,0.005935663572750262,0.025724986076847856,-0.01796408481425721,-0.013816760057428656,-0.024291878639275722,-0.012710292445508857,0.0010193814768995643,-0.022243056712491997,-0.017451799341325486,-0.012483290400855376,0.0870659508868091,-0.01070102357816288,-0.00430271150365233,-0.006933037188156108,-0.0136895512793861,0.002598148227377776,-0.011617512363434068,-0.01008174876149427,-0.069715301589657,0.013008312266006428,0.07419848150262262,0.02058149535211962,-0.05064123368787528,-0.014177810755490123,0.047508819627428374,0.036931335563032894,-0.015398781959817228,0.00731189503279683,0.041028053172445005,-0.02201479801387519,0.06283384651399071,0.05830269220211292,-0.02025167564298693,0.010449950778216614,0.022797319081860327,0.04227515927593136,0.008450628869212964,0.00035278968270575223,0.007695143603042805,-0.004874937790591809,0.0029320700089118883,0.016566002172322496,0.004824604513479457,-0.01320046742288265,0.040105439184857185,-0.01662592177594953,0.024213379388522686,-0.005080697081770092,0.004028050221101648,0.05280107327929385,0.04030899805435219,0.04418946579417546,0.016241341268468518,-0.0029198461888415273,0.05748311713731148,0.03937782851270324,-0.09103073907238626,0.026073148970175247,-0.015067030159836273,-0.05225744020546132,-0.05220279440028128,-0.006713460504622797,-0.002457373876827326,0.10589282637056886,-0.08129855727194799,0.0018345051315049295,-0.05079362767600411,0.0072991412984844545,-0.02128464567322229,-0.06218179391366699,-0.026988301283546044,-0.027433469977706574,-0.06025657431719161,-0.018952025298687135,0.05087451187982808,-0.0022803396664891856,0.04167365628551639,-0.0034360558882753503,0.044120357896046444,-0.015055704333661065,-0.001245928418833117,-0.03881733247640182,-0.025370084451309602,-0.0023694133679442314,-0.01893941078684534
frame_markers,0.11549667846107782,0.04164045630015704,0.027677464308250584,-0.027748459065766822,1.0,0.018834965255197796,-0.033683124670562975,-0.012796181134689482,0.10687375879938975,-0.012452749236589445,0.06868715883178807,-0.03334558453764231,0.044803019663878646,-0.004758205396881811,-0.034064209720577096,-0.021282690665910563,-0.0022936189859500615,-0.006141317704323895,-0.0014444666535030522,-0.012237048037968769,-0.024935000172341393,-0.01176363352916247,-0.01441041315441261,-0.015250126777935316,0.006387039925329468,-0.09530691826908176,-0.020074978723551302,0.01499863760830846,-0.021484125412095254,-0.0968895174965074,-0.09582076128416733,0.0989003543372861,-0.04433268573900957,-0.058766147670611446,-0.012046549229738815,-0.03691170376621771,-0.029148830397866723,0.024960264502752145,0.023106263025019252,-0.021641533825717655,0.0056547606924557,0.058756121268041764,0.01811547968586145,0.006047186496210684,0.03260031539816902,-0.017529168047117048,0.02033791841017882,0.020008924951443414,-0.07487917823070657,-0.014128959831627649,0.013532966083096749,0.07277459684975339,0.0014176464429397782,-0.004401248114155246,0.04230932177912351,0.026890438951210998,0.016451057885708078,-0.03321267354100996,-2.4376844517297333e-06,0.029942062903384383,-0.029739343764512663,-0.010618199634076536,0.08797798917759103,-0.06863456671176696,0.037749377291840414,0.005715658098429817,-0.06663671845872497,-0.08252058764773829,0.021853408533497463,-0.058265541403633304,0.017577022013037815,-0.07358453135126508,0.0016020221947765183,-0.05540726910627883,-0.046670489626009705,-0.03699408118954299,-0.09196953018343783,-0.011778366651522433,-0.013271988001010948,-0.09180503551471644,-0.01119813915649716,0.050394712180290666,0.0743063020521743,0.004522790046706487,-0.06057057626236691,0.0034294745307930216,-0.012089187096223907,0.01941610895480496,-0.003627084176290618,0.037666199582345176,0.032576377776873625,-0.06356675169914544
boosters,0.11525169033559625,0.07300678721932412,0.02752294664523918,0.014750528709546356,0.018834965255197796,1.0,0.13156770783192767,0.008207524714981276,0.11128242434942325,0.012486336205484902,-0.023806872589599536,-0.043049561445762205,-0.02375517314107473,0.04398776985383839,-0.0400168745161377,-0.027543491371256758,0.03033045249477931,-0.005406734839649103,0.00585667694859231,0.002470765650885864,-0.0020755041658988087,0.0017348783749045118,0.022223667230152462,-0.001233754156822781,0.03599753303756986,-0.11169075994462947,-0.004768612497582174,0.10571816869339387,0.018300656991046736,-0.09599726037485314,-0.05162181212195034,0.05125726660231509,0.04228536838815772,-0.02894675839773913,0.03409241761729532,0.02555754567479979,-0.027483435371815634,0.038615073684355315,0.04834905063709419,-0.02172023313957958,-0.034295559543445334,0.05512153431022116,0.015796943555753753,-0.007243342103584552,0.02149695116687696,-0.01911484735470415,0.03627640457748129,0.04144877965497413,-0.03985850921014737,-0.011962572792367468,-0.032083352337332026,0.07752794025546587,-0.0016377836955065875,0.04469626675620716,-0.01146997750753367,-0.03043547007436566,0.017266994257569897,0.03824882040646455,0.006667108472224707,0.06294098478692581,-0.010019299144013888,0.07146911712509732,0.0686622477712929,-0.11836604978634996,0.010667632947134699,0.003153372637313892,-0.05387517726683837,-0.16534381436832546,0.024180711723192184,-0.039776842772735875,0.13706469511965325,-0.16165950060662443,-0.05529877741403978,-0.03177163438234701,0.026557835943757723,-0.04069900068703973,-0.12886014286249187,-0.02323379057640037,-0.023622100114342254,-0.1268226918645085,-0.015908352047469338,0.034804152219232325,0.050116754208960036,0.014108972494203698,-0.02142500648628066,0.07185151085184291,-0.02116491589970009,-0.026186243171063706,-0.05197054111509746,-0.04851154179100666,-0.03247108890617035,-0.02789307576667789
explicit_references,-0.0020329828639437534,-0.04932653684372532,-0.09921400594005378,-0.028340855726955848,-0.033683124670562975,0.13156770783192767,1.0,-0.08274182312982872,-0.0823280441939569,-0.029264517037528918,-0.007127178177996392,0.05513823414654656,-0.019627147387120188,-0.04073662186535833,0.0654408388047308,0.037752294533610786,-0.03807909989050511,-0.039354208652856305,0.016513444547306914,-0.01814135126361611,-0.009880960844705175,-0.005988060282155193,0.011284318967321598,-0.016432724282414216,0.010187610864368767,0.016827225901939195,-0.04906678244645308,-0.062018818167497845,0.08280521155467627,0.011271889116720137,0.06429269513471261,0.0002937712796816432,-0.08215490168922732,-0.07386307548615383,-0.014935165245158524,-0.013775126957294968,0.050907446074320954,-0.04034456841286722,-0.05068948678416116,0.11167053950341359,0.1169292067112753,-0.05463307177690357,-0.007140712272635964,-0.02421209023459593,-0.06075561250648776,-0.014567754923569107,-0.05790373112371523,-0.061148954769325414,0.01142236402198847,0.019915759622393482,-0.03383723928679657,-0.06656603720618444,-0.0472931932836338,0.013442209708517987,0.01860735465991329,0.01883744412639561,-0.06600884487636419,-0.030552945548400882,-0.03569315533829423,-0.02623167527632652,-0.02803733324255142,-0.06478780053890087,-0.0686443123406814,0.09808192541932265,-0.1351329911410881,-0.04864857975600551,0.12402708114386465,0.06232075575389214,0.07847825529855043,-0.031121041902601076,-0.045248383372896515,0.04068341922046986,0.018533579888435046,0.10160785207484284,0.0349792205393979,0.16930818153230268,-0.011273201782256277,0.032418650834336434,0.03396428467140259,-0.01719654747148346,0.030206710873814817,-0.10432417171624332,0.006459085268329732,-0.0150428524342928,0.10286393829142557,-0.027610400871955362,-0.048218794044975345,0.001337988436238404,0.03297228559384386,-0.006448488933926164,-0.05356707410355423,-0.0678720310622648
transitions,0.14717727062045577,0.006336881725481679,0.03795711159686725,0.005935663572750262,-0.012796181134689482,0.008207524714981276,-0.08274182312982872,1.0,0.10207767983774314,-0.008011294409635782,-0.04020071918067373,-0.049974137669453446,-0.027481324167981692,0.008161213322011201,-0.032390994751753936,-0.028922558704658867,-0.004609650118043987,0.015014420222114268,-0.008167501455164075,0.0021994291256178288,-0.02082077079051245,-0.01705023166693472,-0.01831551122456716,-0.023804131397498512,-0.011261986391419199,-0.1028324103392762,-0.016616712620727437,0.03684097068581391,-0.018378315202718917,-0.0812122518842924,-0.07764107210463232,0.09689930334916601,-0.010054678519926336,-0.02397215252252743,0.02017915097603863,-0.021747324900324588,-0.037294967915268935,0.02768002493538571,0.040394522658502345,-0.03603754646869061,-0.038456016346339626,0.03668863087800593,-0.0005102384488031527,0.0025187688177109057,0.03364434809366071,-0.01848453314348605,0.010597010281575975,0.018867062130138296,-0.01624955919932221,-0.025620398529854323,-0.021457154794933,0.08690971622158383,0.022955264244662894,0.006556085488463351,0.006797184782948156,-0.009076130938929087,0.0645699173667038,0.011222972025322337,0.03649555022128136,0.054926903875885676,-0.001434019922920581,0.037021917045112616,0.09846636880643309,-0.0953704353287638,0.0401357616493406,0.021187279944504398,-0.06222140824243679,-0.13339037018946776,-0.007438583498221302,-0.03312295806563603,0.051674986509296035,-0.09453356443817985,-0.01958957226764953,-0.0755427560229474,-0.025952871170393303,-0.03574802422389654,-0.10009920428793546,0.01809439551922682,0.020041342407797525,-0.1009140095390264,0.015302512379621038,0.09426440576293574,0.04873990998722326,0.006119147654431142,-0.0646470976468708,0.03010347761588804,0.018132578322518834,-0.008967672078476315,-0.055683933119572246,0.010658145520886272,0.11534296765046212,-0.00734323785067361
self_mentions,0.11290905908398553,0.1466529551792579,0.13816605974489352,0.025724986076847856,0.10687375879938975,0.11128242434942325,-0.0823280441939569,0.10207767983774314,1.0,0.03018540798587545,-0.0029041701555516395,-0.0388925364259029,-0.010988285268087823,0.12227569339488924,-0.02105077163912324,-0.062004951345366294,0.03733806802183766,0.010937302763634232,0.0007334896454714879,0.06347309072793758,0.06586423547973724,-0.010246411878792182,-0.02027241763119441,-0.01397299032864475,-0.003723666694946887,-0.2756210714852675,-0.07134895952867037,0.3310279218857298,0.07697866824194496,-0.23931562063895695,-0.08787456680738853,0.09239795330988618,-0.07138687297358833,-0.16333009827930084,0.16620153777800564,-0.0502003741950165,-0.07255841878161141,0.07105941781671136,0.11212981565832039,0.019266884223813178,0.04607084723939628,0.2338750576297284,0.136952652796535,0.1440220460566083,0.14009696487969642,0.02572831564477434,0.049107488635029554,0.15772340111527663,-0.02677243643341439,0.08005990695540455,0.04504675991236259,0.14327549947228863,-0.01546833170953865,0.003741076626672279,0.061596131225145186,0.030818459657892285,0.009137525837062156,-0.03863565356440566,0.07258187770049951,0.28909596659731096,-0.020498960788493423,0.1092159448684049,0.1406886991969747,-0.19787292657287558,0.010542149480630269,-0.0019478045126653026,-0.09156716081613961,-0.3110917508440666,0.0947703683861713,-0.1433611472603653,0.24159985187538727,-0.4894014948278959,-0.02672967446962177,-0.029847048378219665,-0.01145122722211143,-0.13002007986245273,-0.31985568734615066,0.0223615243718722,0.020826745667524165,-0.32512863082692306,0.011629964386411493,0.06765243424923245,0.07683402749498114,0.08807450948449336,-0.010042715102651995,0.09501819786712422,-0.011744264861385616,-0.082043512130132,-0.09057900047079658,-0.029768899161278478,-0.07626020430255448,-0.10196021959225705
causal_markers,0.07826344313452581,-0.009911050606825756,-0.007970186660462246,-0.01796408481425721,-0.012452749236589445,0.012486336205484902,-0.029264517037528918,-0.008011294409635782,0.03018540798587545,1.0,-0.02750220228982254,-0.03292158185475519,-0.01663271873764436,0.031284174615952905,-0.025929647423243166,-0.03299638374608633,-0.02632193032302565,-0.016361613700097505,-0.013179121983006237,-0.00016787640072225008,-0.00428488793334234,-0.020672127428882657,-0.0026421247325720152,-0.014083558479141483,-0.009047518144013424,-0.032351643913781876,0.0018340923455295753,0.01793173421524196,-0.049843749825472676,-0.019434927708892137,-0.05071518265229668,0.022113970043203694,0.017622692580157598,0.0815076959495301,0.007323047299135828,-0.008289852955367494,0.016513068523014943,-0.0011778383758378201,0.006802513101275145,-0.0063882524896749305,-0.012162301623480925,0.008377363483313756,-0.00042073186647289726,0.0075974430750518525,0.021775075496087978,-0.012399019902403073,0.021390303201456615,0.01991987779780184,0.033483138593209116,-0.00620133326884059,-0.009969592181578132,0.03767358303366771,0.006934764769548591,0.04163854172281964,-0.005358376107481559,-0.017397039826931124,0.01406716042485451,0.004736743112475934,0.016529713275707694,-0.0062062213648824355,-0.0052377780661568216,0.008806762609725292,0.027748401381383674,-0.03652037402062522,0.04588176683137291,0.009321032793514289,-0.05108574368640567,-0.040010184464603714,-0.05698421502832693,0.024313596664679825,0.01120881451113489,-0.021743617581714912,-0.011174714779707388,-0.051515851978477266,-0.020392481445999387,-0.011801168770078332,-0.001971702122754877,0.0225624613677244,0.022918530451755636,-0.010264029832846288,0.01750259032687442,0.05224630731707064,-0.003267357937047921,0.00027620202870297844,-0.045926561744513664,-0.00035368290491341863,0.01511875223239385,0.04461204037123926,-0.004744913525765791,0.02265819492210526,0.07932674652465938,0.18471899525557575
chronological_markers,0.026779740387444986,-0.014810586897239937,-0.04891012543004861,-0.013816760057428656,0.06868715883178807,-0.023806872589599536,-0.007127178177996392,-0.04020071918067373,-0.0029041701555516395,-0.02750220228982254,1.0,0.037783280734711794,0.05892039204366435,-0.01705538992657571,-0.0029886456456907824,-0.01751678191461131,-0.03129425659114357,-0.00445961055462365,-0.012161420727498954,-0.013915130610472174,-0.013663506439539747,-0.013493732383352868,-0.014724085270161098,-0.01573489333402147,-0.023202046247887458,0.0068151343021265985,-0.040377160282548306,-0.058276652107581664,-0.00999463238117011,0.027319975306299673,-0.011339777319926787,0.009891623322974339,-0.08486681182312132,-0.04473894729882525,0.03605112426540122,-0.05902861353939733,-0.032059496036505326,-0.046111106585728416,-0.030582220402569863,-0.020380574023439086,-0.00365492834584196,0.0007393207229151761,-0.03900135695869476,-0.01698582325596178,0.016321313280872,-0.04205106922897561,0.004019392046626058,0.006810363851509475,-0.040048085111947886,-0.025964584643769564,0.011805639078968349,-0.014646155122740276,0.005643489415403298,-0.003993218745176761,0.02077614908745118,0.018124215495125887,-0.04275936092069328,-0.07502518981219569,-0.046866242664461544,0.019848340307039,0.00791016393480996,-0.02562147192825336,-0.004940195342386737,0.049519028613054426,-0.0633922243443301,-0.0041304735876926445,0.04991709918114604,0.0009636145706709751,0.006442985004254452,-0.025351648291311226,-0.04483764944178445,0.016632895542624978,0.012409574360413855,0.004327440434037991,-0.0261032080858747,-0.014744513968737688,-0.00326217639453034,0.10026016883115287,0.09671715591684492,-0.00840199859267972,0.08421265491971298,-0.02008651286853439,0.0658289183714653,-0.049741351319227425,0.00709675780877065,-0.01223569288478246,0.017708461809032204,0.0675029346807248,0.10300393432885423,0.28579820037081677,0.14844734263270506,-0.010751590862073812
place_time_svo,-0.01472542249308968,-0.05701798805686295,-0.03133089264555368,-0.024291878639275722,-0.03334558453764231,-0.043049561445762205,0.05513823414654656,-0.049974137669453446,-0.0388925364259029,-0.03292158185475519,0.037783280734711794,1.0,0.03418130868931142,-0.03641128349006109,-0.00773041490301372,-0.005693975374005147,-0.020621135044114294,-0.017719298206765988,-0.010972948797277345,-0.009176325828600163,-0.012919289546748793,-0.0027223699922180314,-0.011136587932315823,0.011657520549716438,-0.0063879429266242614,0.0654242507642759,-0.039772280186531506,-0.06736155023103527,0.018231081767507415,0.07053938806944142,0.04025717139375629,-0.036747439079366936,-0.08244847316694322,-0.0509078179959731,0.017792509217025732,-0.03698131569703069,-0.00860757665949289,-0.07428822511048183,-0.06378152253925379,0.005071134907671739,-0.02120005887694921,-0.05680160694186291,-0.04145968847553944,-0.033626994773772484,-0.037519938136868616,-0.03815834175154076,-0.02867618205749727,-0.05745030725218261,-0.0311362295264067,-0.04721304611004836,-0.03271805061113149,-0.06770039881006049,-0.014123264787672824,-0.030138561424979154,-0.0009680413064975197,-0.014097984660438911,-0.06293483179382488,-0.0518350360387694,-0.05975473820294434,0.006216952727571458,0.01782580249601317,-0.0417041354085348,-0.053028373773208515,0.0936728188440117,-0.0880130880794378,-0.015507457586593049,0.09720515940368549,0.03752576958400051,0.024354468539029825,-0.022459971284901493,-0.06413934613961393,0.05961039853703383,-0.001469016182504162,0.04112205615892559,0.006287864100905823,0.06790600726642643,0.038596323425501775,0.047826888021905954,0.0460584715625795,0.03991389186011803,0.032582731654028876,-0.06856210048853244,-0.01113038986369528,-0.07300120217985671,0.03456825952979394,-0.057057689706780934,0.009904203299688129,0.1645947999995742,0.2686966424122662,0.1712631651304295,0.035544298506119155,-0.05353372353936256
endophoric_markers,0.028117246640661387,-0.019007018194255203,-0.022804587641629914,-0.012710292445508857,0.044803019663878646,-0.02375517314107473,-0.019627147387120188,-0.027481324167981692,-0.010988285268087823,-0.01663271873764436,0.05892039204366435,0.03418130868931142,1.0,-0.014111689763906459,0.0008494226119562978,-0.006953191435573063,-0.008907861455222293,-0.00204693309521052,-0.006899327569953083,0.002804487666032126,-0.012802603407848933,-0.01056286648931288,-0.007694977192195785,-0.008047508570030549,-0.010025100851304881,0.01967672178292738,0.029520669462441626,-0.01131447947732802,0.017172134407247932,0.012769250644820778,0.023071859226760326,0.03871818881198023,-0.01643705009651477,0.020656677823096943,0.0022520224590487203,0.012732343234282581,0.00026815569356846943,0.0013136542454835116,-0.02659229735816772,-0.015494417527227035,-0.00830025772641322,-0.024289957466544602,-0.001631269932752614,-0.008852157307603154,-0.0007249221039587793,-0.01200817423883548,-0.020480842759266687,-0.013758105420034958,-0.015929796568626527,-0.013666621866856856,-0.003822663264199506,-0.025471922772277354,-0.02789639192711155,0.0015203396660826256,-0.024617432204807835,0.0033871049210933025,0.01500853252839083,0.010925014261403599,0.0034728878298154083,-0.01570851543287191,-0.033689847676053764,-0.05410841875529204,-0.006899882475277422,0.047746887110130136,-0.02018482627600164,-0.028420568497345776,0.0230523303660464,0.03847170365993645,0.015623171134060787,0.0011822814009311274,-0.0385960818312053,0.02867207574164509,0.018351396434408106,0.029813271080796427,0.005494527271566592,-0.004212069856748749,0.020502991223842436,-0.023096250607604524,-0.023344377859271178,0.018671962034930815,-0.020608443502421706,-0.011720651082753468,-0.014919139674411327,-0.009650821134065951,0.005962035678551157,-0.031842585740182304,-0.010508120464806951,0.0665797573011328,0.03909652312297756,0.006492503908994836,0.013381852882049468,0.012859715512049336
deontic_modal_words,0.015393064805151681,0.17344789370273211,-0.004076369217374469,0.0010193814768995643,-0.004758205396881811,0.04398776985383839,-0.04073662186535833,0.008161213322011201,0.12227569339488924,0.031284174615952905,-0.01705538992657571,-0.03641128349006109,-0.014111689763906459,1.0,-0.01311148828936555,-0.017032151453202096,-0.022116179774708707,-0.007644075082006497,-0.015484398358484397,0.011024281313458836,0.027379348807355857,0.013649088580972484,0.0015650648780777925,-0.015190581590066315,-0.01660884921027935,-0.072270930982182,0.07580903712027134,0.03357349238264132,0.027257736017227526,-0.10984844451411989,-0.010118632834862279,0.01791470337764,0.11568413843823037,-0.01183141854657473,-0.05008568987449455,0.058939302649139325,-0.0041743293575508735,0.1129385307225447,0.08671132312492033,0.014254941280689196,0.027360290982332485,0.10960439428014365,0.07459056488152162,0.07586049964072816,0.11335342228975906,0.06586124098610795,0.0887348949789225,0.1346103583837861,0.018957043667606456,0.06968397700898717,0.1065441059551595,0.02922495561432581,-0.010468459168367899,-0.015483974465322682,0.04063511525573067,0.01581111568363042,0.005102042805736444,0.023139706791949065,0.0670875388752504,-0.012054924671354633,-0.06099674481865483,-0.01672554700560735,0.06702803945654774,-0.070567208052388,0.04705417315611193,-0.000690367616274498,-0.07025447241051722,-0.08342773372507585,0.04911616805143106,-0.07176263283941874,0.05292987525611206,-0.08285998464775841,-0.005235199311875033,0.018865593851283998,0.02785752733066592,-0.057559745200866444,-0.09951594240068638,-0.08265429631636965,-0.08208459992631391,-0.09228117418110554,-0.06514703154100182,0.02540905608995691,-0.0354022287787879,0.11878395542788715,0.004747144994328748,0.009571353556750367,-0.05401590622746486,-0.07094743927431843,-0.06107871562902802,-0.07462739589085876,-0.06729453914674825,-0.016406330572870498
situation_dependent_references,0.06624201748388889,0.015813343709226463,-0.0477973355854265,-0.022243056712491997,-0.034064209720577096,-0.0400168745161377,0.0654408388047308,-0.032390994751753936,-0.02105077163912324,-0.025929647423243166,-0.0029886456456907824,-0.00773041490301372,0.0008494226119562978,-0.01311148828936555,1.0,0.037755192370041886,-0.0201556159895607,-0.0052493069014744095,-0.014221968632832876,0.0007282453146382695,0.003135228285583165,0.011864973937941595,0.06489911053392976,0.003984894154461823,0.07725124619003544,-0.08975487054167476,-0.04761508415168216,-0.035471676955567195,0.03164599490917817,-0.06818012338247975,-0.020602782189725728,0.06697927373801546,-0.06813496424528642,-0.08755473178978049,-0.015140653358204609,-0.010270059360423614,-0.022594423112692243,-0.03341514728715302,-0.014056833878385027,0.012165969157034693,-0.012747230093424948,-0.016147398442133403,-0.032034438037802516,-0.026713553955581282,-0.02271353581773896,-0.03326600748446539,-0.03237342382062605,0.003609194765780306,-0.02267407458754424,-0.00565023455481128,-0.029208527723061862,0.04684720038133617,0.02406088834050985,-0.00034683996841659116,-0.020484252760766482,-0.06233635826452705,-0.048208111668261715,-0.04409568903532518,-0.04936578261186942,-0.03150359327648278,0.058488322613851174,0.03223399269692051,0.05827068409480165,-0.0006970683412824278,-0.04102566687188991,0.0175324752512544,0.025561251183694136,-0.07517296425571703,0.07768110125126852,-0.07979403213866021,0.03838498097034288,-0.01900441656215693,-0.07311825104004316,0.03892802001490918,0.036461849791046615,-0.03508935254161494,-0.115469076615106,0.06121040693976204,0.06282970740254447,-0.11848475205526637,0.05233928967468565,-0.009356413890097927,0.060700030577195356,-0.04761589312022184,0.002022985286835524,-0.0021007890745236135,0.06114379224693644,-0.03047837820477545,-0.01055763195588548,-0.019956632776051215,-0.08427380463306171,-0.06257256871914696
evidentials,-0.014684275902143698,-0.057287355392140554,-0.03123652644246424,-0.017451799341325486,-0.021282690665910563,-0.027543491371256758,0.037752294533610786,-0.028922558704658867,-0.062004951345366294,-0.03299638374608633,-0.01751678191461131,-0.005693975374005147,-0.006953191435573063,-0.017032151453202096,0.037755192370041886,1.0,-0.022456407793155376,-0.007086057457123929,-0.010222646346113282,-0.00854887190631568,0.009140877370066112,-0.015650865599093466,-0.008988184467814754,-0.010655830171646582,-0.013806189906116071,0.07156315448503159,-0.009670571679311605,-0.022902765323765062,0.017947208509323704,0.05604757081587832,0.03271376894178068,-0.007379497715785909,0.015410473439316858,0.01709701751899419,0.029367157413784383,-0.011400503955089248,0.0625498896735281,-0.05204953747796615,-0.04960379128915003,0.022967414595397084,0.016879120957127416,-0.03708090805278442,-0.039618456968571365,-0.028818960929946208,-0.013609230834842933,-0.001699257910549682,-0.0076394079845699455,-0.028195398468605023,0.04202164668149194,0.010745671807310836,-0.021074687369771257,-0.024561958883711155,-0.030137499054330004,-0.017273516869971504,-0.005290598880441668,0.0003357336643047089,-0.0006220710391153569,0.009142973786352404,-0.01375189229148822,-0.013929221499333675,-0.03415998427298429,-0.05179379393368084,-0.014137383341790074,0.056705380294941723,-0.029622310262112417,-0.020234615932466338,0.020366422842120934,0.06796828732308594,-0.03671220979750646,0.03229547852478751,-0.03621385679371817,0.059091276690997174,0.011480359672000312,0.009353491787256146,-0.001068933834128434,0.06452748765210509,0.06663807384100161,-0.011465969494892914,-0.013175408572613762,0.06719469692377486,-0.022117756547477222,0.016047564678269274,-0.015702172002209722,-0.024097797020331158,0.01964168265798402,-0.029107654910556318,-0.04205792074274496,0.050121493452145956,0.03912022690853254,-0.0022998059689644853,-0.0006380733654572725,0.00834792910497959
code_glosses,0.046388590630635156,0.004522632872004969,0.0169263318450301,-0.012483290400855376,-0.0022936189859500615,0.03033045249477931,-0.03807909989050511,-0.004609650118043987,0.03733806802183766,-0.02632193032302565,-0.03129425659114357,-0.020621135044114294,-0.008907861455222293,-0.022116179774708707,-0.0201556159895607,-0.022456407793155376,1.0,-0.012636538627944028,-0.009645598227232797,0.011134102660911678,0.053646182167769244,-0.009417567716563128,-0.004207908293394076,-0.008736882141148785,0.019910985709998365,-0.02315210571816944,-0.0028022808357001123,-0.0027549825900471388,-0.030982291676800156,-0.018085004617514482,-0.03991066980493114,0.028881758802409882,0.020929709521402842,0.004889606121623776,-0.007232187020201968,-0.002849664951972251,0.004391055871965064,-0.016639096359998513,-0.02704256549667452,-0.0333333529802577,-0.020541772707701314,-0.016068324036404916,-0.0011971679996112031,-0.01458138747008943,-0.012188576718585767,-0.003179074079594992,-0.011621406448793153,-0.016331488159283074,-0.010594987924979168,-0.00880434995500502,-0.01838759275877102,0.025288884277364736,-0.01900376698753881,-0.007190143087815579,-0.018272218441916684,-0.02331537202530049,0.01732070250019623,0.001977821252962946,-0.004904424178564677,-0.01466273237092248,-0.03395603974726412,-0.03364055911368808,0.03379753111042101,-0.028661338543572015,0.03621031153888333,-0.01669642855182294,-0.04537840818154138,-0.05345352441130928,-0.020733252834697676,0.001388705100436165,-0.0298043849435681,-0.016057305433927378,-0.012267779542205792,-0.03624161016381306,-0.017981875658956453,-0.004144794754187421,-0.0124380248559808,-0.03679027243694838,-0.03682107527132922,-0.006241174768204281,-0.03583430024332969,0.04514336499356522,-0.014669306937608049,-0.017946218146391035,-0.058434721489079855,-0.01958905944757135,-0.029552508186297382,0.002749302273914198,-0.03027793549439408,-0.04145261174542102,0.008230938671393913,-0.02296939962286842
adverbs_of_degree,0.033665737629447724,-0.0171948675238534,0.019601773687561996,0.0870659508868091,-0.006141317704323895,-0.005406734839649103,-0.039354208652856305,0.015014420222114268,0.010937302763634232,-0.016361613700097505,-0.00445961055462365,-0.017719298206765988,-0.00204693309521052,-0.007644075082006497,-0.0052493069014744095,-0.007086057457123929,-0.012636538627944028,1.0,-0.0018660157138642706,0.05411249685417516,0.010371614349177284,-0.016793065351722827,0.005343108188333432,-0.014810073917131366,-0.0042128990055227385,-0.07437323129184313,-0.0030649141236064334,0.05892238532301054,0.029481964150406954,-0.06362810227370028,-0.025029098096476063,0.030663991268464127,0.01090109914786336,-0.025365251952240837,0.02376484633729594,0.009429221673467271,-0.017786893695752544,0.014451821162742861,0.019984364861237527,-0.02717204355814491,-0.03679099413129663,0.01402281735921385,-0.01381505362444151,-0.03602783369529338,-0.011385510869493173,-0.020312101831780116,0.010249949106775357,-0.003277252860623204,-0.02225604309401812,-0.050042311960039575,-0.04595184692474257,0.055609159394386105,-0.004792192133301356,0.05249859263351651,-0.011381697929993561,-0.01513975755107942,0.04159994187708297,0.014798977118253332,-0.012802053817609415,0.016765894680373487,0.004445307734950989,0.06128452699793463,0.05191946027600546,-0.09336016498279394,0.016965537325498083,-0.005697769545573487,-0.06257446682202211,-0.09704471813520504,0.013909722396693277,-0.034510448034229015,0.11263936170584582,-0.08014270641301059,-0.020806540361784146,-0.02652867199226087,0.015439879415611736,-0.04913558555638512,-0.08669367766024207,-0.013857995919048738,-0.013730224482618465,-0.08576472196937193,-0.010827532684001578,0.021848480459551557,-0.009293044040132467,-0.02406381007503034,0.0006335030454179578,0.018087607004683884,-0.019479549208389683,-0.04584126097638316,-0.05177970388052623,-0.04265863329779553,-0.03762893320471673,-0.018273933521406813
positive_connotations,-0.015131457228728341,-0.021753574329312454,-0.0228210244550162,-0.01070102357816288,-0.0014444666535030522,0.00585667694859231,0.016513444547306914,-0.008167501455164075,0.0007334896454714879,-0.013179121983006237,-0.012161420727498954,-0.010972948797277345,-0.006899327569953083,-0.015484398358484397,-0.014221968632832876,-0.010222646346113282,-0.009645598227232797,-0.0018660157138642706,1.0,-0.002467305731777066,-0.0006488529858189857,0.05957110030390722,-0.003290622525293797,-0.003026458800945226,-0.004287059188830713,-0.04239254971580557,-0.007273564410470065,0.010601891226332127,0.013860257108393175,-0.020207181258449506,-0.010867653329649325,-0.02907085221010722,-0.004653629178524952,-0.030249954626736106,-2.8824758002460892e-05,-0.013967836745996984,-0.004838250582201248,0.046185983342212154,0.0016169173758177355,-0.0025972269477596535,-4.303984752027027e-05,0.010096176026449149,0.0008583064801802418,-0.016031836670303622,0.021471707011821196,-0.005711391242555403,0.009546028264799592,0.01159317163906703,-0.030799197023072402,-0.010839595222156986,0.0002241160976329494,0.010862997524454547,-0.009491761908360555,-0.004170087383277948,0.019199046805037732,0.013580339911954087,-0.02431866202924471,-0.029323219550421147,-0.01989747048628011,-0.011013498773816686,0.02801047410445018,0.0239645114505665,-0.009776832836535456,-0.013516121282204325,0.006481015204467065,-0.00453717780108947,-0.00710572041745489,-0.023032167135762414,0.011828907550768309,-0.018153225051939413,0.030126441876275806,-0.01776597990772837,0.013896559460966034,-2.1539922757739836e-05,-0.01710537040961292,-0.004174262208014644,-0.038849640769450425,-0.008199987927383098,-0.008131282695288261,-0.03901909351351579,-0.007821676480589585,-0.0066383478399033935,-0.004268202968551617,0.005742988270040144,0.02025286078454884,0.006364950001715935,-0.006305938934327422,-0.03391277013940867,-0.022114886142396196,-0.025512806739795356,-0.02920275110934828,-0.01415135807075318
